event_id,origin_time,event_time,magnitude,latitude,longitude,history_rows_used,predicted_max_aftershock_mag_24h,actual_max_aftershock_mag_24h,actual_aftershock_24h,predicted_probability_aftershock_24h,actual_aftershock_dist_0_10km_24h,predicted_probability_aftershock_dist_0_10km_24h,actual_aftershock_dist_10_25km_24h,predicted_probability_aftershock_dist_10_25km_24h,actual_aftershock_dist_25_50km_24h,predicted_probability_aftershock_dist_25_50km_24h,actual_aftershock_dist_50_100km_24h,predicted_probability_aftershock_dist_50_100km_24h,actual_aftershock_dist_100_200km_24h,predicted_probability_aftershock_dist_100_200km_24h,actual_aftershock_dist_200_pluskm_24h,predicted_probability_aftershock_dist_200_pluskm_24h
95747,01 January 2025 - 06:32 AM,2025-01-01T06:32:00,4.5,7.85,127.35,94347,3.385809325396825,2.3,1,0.2258451302969992,0,0.14713940952246896,0,0.1387315884726948,0,0.13345071788838248,1,0.08364986934443473,0,0.06781764697473461,0,0.03343777082067243
95701,01 January 2025 - 09:59 PM,2025-01-01T21:59:00,3.2,10.11,125.95,94393,2.9172131944444444,,0,0.131301360989308,0,0.08004953295296759,0,0.10735300906223372,0,0.03874175862800288,0,0.03208101204192565,0,0.018555061249659242,0,0.026243584788111052
95632,03 January 2025 - 12:30 AM,2025-01-03T00:30:00,1.6,9.87,124.61,94462,2.8666476190476184,,0,0.12724032801181348,0,0.09686267180385652,0,0.10200239699857702,0,0.06001644086037237,0,0.04781318276114579,0,0.015822552339621324,0,0.03325744488107519
95532,05 January 2025 - 03:32 AM,2025-01-05T03:32:00,2.2,11.77,125.67,94562,3.2212026785714265,3.3,1,0.3717049449694919,0,0.21392850488905282,0,0.1955749515432113,1,0.1814964261404207,0,0.08279475095573624,0,0.029577635704317776,0,0.018752794330943446
95454,07 January 2025 - 02:57 AM,2025-01-07T02:57:00,2.2,6.55,122.63,94640,3.1342913690476206,,0,0.11008512883555227,0,0.0868276836272307,0,0.14299324592340498,0,0.05373910788799052,0,0.03754925252784633,0,0.03425643174408374,0,0.02142905696728917
95299,10 January 2025 - 10:27 PM,2025-01-10T22:27:00,1.5,13.61,120.29,94795,2.7058834325396823,,0,0.12896125337498304,0,0.10617272710226755,0,0.10962164040579561,0,0.043543242072768946,0,0.03904918506584923,0,0.0485451526399581,0,0.04824361229977421
95088,16 January 2025 - 06:52 PM,2025-01-16T18:52:00,1.6,11.44,124.43,95006,3.004544543650796,,0,0.5864719088665046,0,0.43526589131790805,0,0.23666758321727518,0,0.0866381243761945,0,0.08036086401500636,0,0.015860189120845414,0,0.006989187565147979
95048,17 January 2025 - 05:09 PM,2025-01-17T17:09:00,1.9,10.69,122.95,95046,2.9548428571428578,,0,0.1023976917745028,0,0.10024547925202193,0,0.09188212061513142,0,0.09535599627950558,0,0.06578981830996977,0,0.07079737917073146,0,0.048458510282857824
94973,19 January 2025 - 05:54 PM,2025-01-19T17:54:00,2.0,12.35,123.76,95121,2.731215674603175,,0,0.15907899652290175,0,0.14895891616448284,0,0.09155036576993819,0,0.06383031453535891,0,0.05497597761765788,0,0.05054402029447606,0,0.056451181658115086
94887,21 January 2025 - 12:13 AM,2025-01-21T00:13:00,1.8,13.93,120.46,95207,3.193844444444447,2.5,1,0.6237007884973719,1,0.41714598942160097,1,0.3176435191631867,1,0.316955354036708,0,0.11710587498719865,0,0.08889866633354926,0,0.09421634703196752
94880,21 January 2025 - 02:06 AM,2025-01-21T02:06:00,3.0,10.99,124.79,95214,3.125050892857138,,0,0.2209374588264037,0,0.15052930411892898,0,0.0811733944606117,0,0.032818993844393504,0,0.03990107764642982,0,0.02194262494612905,0,0.0
94813,22 January 2025 - 09:49 PM,2025-01-22T21:49:00,2.3,9.7,126.24,95281,3.29660386904762,2.4,1,0.5794891167160666,1,0.4936549045700586,1,0.2935646743271809,0,0.2176292397930248,0,0.14100662684075943,0,0.04217769899798768,0,0.033445622749747106
94589,25 January 2025 - 05:38 AM,2025-01-25T05:38:00,1.4,16.29,121.95,95505,3.0388008928571435,,0,0.16558071915936975,0,0.1393055003634468,0,0.13502149532844854,0,0.08948928887150927,0,0.08779530232682832,0,0.04357733545563085,0,0.03933180051266309
94565,25 January 2025 - 08:26 PM,2025-01-25T20:26:00,1.7,9.66,126.2,95529,3.237046924603173,,0,0.3631725324117901,0,0.269595656838522,0,0.20110102265299165,0,0.16150603413233988,0,0.15224965090118003,0,0.052340785506980465,0,0.03670151593670337
94549,26 January 2025 - 12:10 AM,2025-01-26T00:10:00,2.3,10.07,125.17,95545,3.3979771825396807,2.2,1,0.4380733301999761,1,0.2794301822700559,1,0.24380109538494868,0,0.18678722988485244,0,0.24894007621869232,0,0.1509014923999084,0,0.1019240544683468
94534,26 January 2025 - 05:31 AM,2025-01-26T05:31:00,2.8,5.62,124.69,95560,2.9382301587301582,,0,0.1488321895590003,0,0.11764684573087589,0,0.18496719273074347,0,0.09916468516855077,0,0.06829463603336645,0,0.048315926351413206,0,0.046435145045318496
94520,26 January 2025 - 11:26 AM,2025-01-26T11:26:00,2.5,12.33,122.04,95574,3.033589682539683,,0,0.17249868767713442,0,0.13234235268598626,0,0.1179606511611449,0,0.13178522688967922,0,0.09493665029072157,0,0.04193341426372534,0,0.04433006074593191
94496,27 January 2025 - 04:15 AM,2025-01-27T04:15:00,1.6,6.86,125.07,95598,2.9480702380952373,,0,0.15785064800899565,0,0.11100127936867037,0,0.15998815375781725,0,0.10367401203751149,0,0.08939944543626162,0,0.07923337801032676,0,0.0644786743342643
94461,28 January 2025 - 02:06 AM,2025-01-28T02:06:00,2.0,9.87,122.47,95633,2.8151128968253953,,0,0.1612085726238894,0,0.10461522409784446,0,0.13024373952681842,0,0.09884420139933503,0,0.07397994585956687,0,0.024993917947015734,0,0.04229536293633156
94448,28 January 2025 - 05:10 AM,2025-01-28T05:10:00,1.7,8.84,126.7,95646,2.9565223214285696,,0,0.16443828661529422,0,0.1037027910217153,0,0.11958225939362763,0,0.0625774487749578,0,0.05104838757939716,0,0.07189186932536816,0,0.04485234310060213
94436,28 January 2025 - 02:32 PM,2025-01-28T14:32:00,1.8,9.96,125.16,95658,3.3357922619047606,2.5,1,0.4327524962430832,0,0.27276622471974843,1,0.2246981149998671,0,0.19506491985911,0,0.23311311779277866,0,0.15124633444732255,0,0.10424830757747046
94417,29 January 2025 - 06:17 AM,2025-01-29T06:17:00,2.5,10.09,125.16,95677,3.296321726190476,2.0,1,0.4135314554897777,1,0.2552096671744797,0,0.2235062930844645,0,0.16093231580207326,0,0.21535171185707783,0,0.12459882540709553,0,0.1091267241687775
94387,30 January 2025 - 11:09 AM,2025-01-30T11:09:00,2.1,10.19,125.3,95707,2.699006746031744,,0,0.19514487538872646,0,0.18466697629635254,0,0.17777292370904735,0,0.08506292710172707,0,0.07362116382989893,0,0.07779736990539075,0,0.07375120892196413
94348,31 January 2025 - 08:51 AM,2025-01-31T08:51:00,3.2,6.57,126.66,95746,3.0976220238095222,,0,0.17112694794083386,0,0.13657377942594917,0,0.12339280232516693,0,0.06995959741160881,0,0.06155660293866865,0,0.06819378601043144,0,0.043180332174290875
96649,09 February 2025 - 05:22 AM,2025-02-09T05:22:00,2.0,13.22,120.64,96096,2.8606050595238113,,0,0.1438461577383519,0,0.11238570352215742,0,0.12200540852006299,0,0.09663294370106978,0,0.06994309645503088,0,0.030019913266377277,0,0.042878026864959846
96531,12 February 2025 - 05:26 AM,2025-02-12T05:26:00,4.0,12.53,120.74,96214,2.910899107142855,1.4,1,0.17978760917651537,0,0.157975314340686,1,0.1687463974897758,0,0.026206798630833417,0,0.040731071733626445,0,0.030146789571015003,0,0.021753215692492733
96521,12 February 2025 - 10:15 AM,2025-02-12T10:15:00,1.5,14.16,121.23,96224,2.974366964285716,1.4,1,0.1423451599470848,1,0.11477671710529953,0,0.1175493348886056,0,0.03663872859258238,0,0.043268643176773834,0,0.013979993790605003,0,0.006546382755090782
96398,15 February 2025 - 12:36 AM,2025-02-15T00:36:00,3.5,11.48,125.91,96347,3.2270431547619056,5.2,1,0.6357970395778858,1,0.31895565085702116,1,0.3520423520021868,1,0.2824940646222226,1,0.10754682014988846,0,0.13913333680488665,0,0.11688815393871119
96366,15 February 2025 - 09:20 AM,2025-02-15T09:20:00,3.0,11.51,125.63,96379,3.3015560606060608,4.2,1,0.6088354504175647,1,0.2838259710173754,1,0.3756546455912311,1,0.3795535861344112,0,0.1673504265483966,0,0.12042186090243344,0,0.12052137483549791
96295,16 February 2025 - 04:12 AM,2025-02-16T04:12:00,2.2,8.78,126.69,96450,2.9430044642857114,,0,0.1722212818150018,0,0.13354427487276055,0,0.13127307804786206,0,0.06563261767528322,0,0.06818351229512913,0,0.039133795544539864,0,0.06116064413776666
96238,17 February 2025 - 03:49 AM,2025-02-17T03:49:00,2.2,6.59,126.56,96507,3.1031087301587297,,0,0.12546878850500778,0,0.06966300716787416,0,0.11350933769696975,0,0.10047653718008136,0,0.04055044750877225,0,0.048482039987688096,0,0.030946778798210534
96117,19 February 2025 - 02:42 AM,2025-02-19T02:42:00,1.6,13.78,120.61,96628,2.6010184523809516,,0,0.21280688951114013,0,0.15909799738673688,0,0.151607287726343,0,0.10005257378720847,0,0.06489925496056509,0,0.05681074329841493,0,0.07640140563240108
96057,20 February 2025 - 03:44 PM,2025-02-20T15:44:00,1.9,6.12,124.59,96688,2.7617363095238097,,0,0.18118859572897303,0,0.1375485708411824,0,0.19325223635194655,0,0.03598946503156566,0,0.04829504411760628,0,0.050160535335824506,0,0.03369686966467916
96024,21 February 2025 - 06:03 PM,2025-02-21T18:03:00,3.0,16.86,119.99,96721,2.880532341269841,,0,0.21086124884121535,0,0.17823753898699818,0,0.16202539282835743,0,0.1185796391589062,0,0.10259639687716829,0,0.07848229651884348,0,0.042890864291115854
95900,24 February 2025 - 09:37 AM,2025-02-24T09:37:00,2.0,8.06,126.53,96845,2.9053388888888865,,0,0.16460845090022375,0,0.10588937356686388,0,0.10736774129997777,0,0.06806765473830952,0,0.058160228464755256,0,0.05244639745307307,0,0.051112920078886945
95877,25 February 2025 - 01:42 AM,2025-02-25T01:42:00,2.0,10.16,122.42,96868,2.8243871031746033,,0,0.1481277436972888,0,0.15629640073352857,0,0.13879785496516375,0,0.0765316335078733,0,0.06138879153004853,0,0.045757424940979466,0,0.031204127902496426
95795,28 February 2025 - 02:56 AM,2025-02-28T02:56:00,2.6,7.45,123.88,96950,2.90682232142857,1.6,1,0.16113200145001028,1,0.13163259575356548,0,0.11333335074098752,0,0.08005653192686901,0,0.08100055152190602,0,0.048524365751668616,0,0.03208780761881907
98329,02 March 2025 - 04:00 AM,2025-03-02T04:00:00,2.8,7.24,125.66,97027,3.09191507936508,,0,0.1474547438616496,0,0.17064135526519,0,0.11039147778544006,0,0.056847427091363825,0,0.015118232783544214,0,0.01810012391075715,0,0.018512801706995655
98317,02 March 2025 - 08:47 AM,2025-03-02T08:47:00,3.0,11.77,124.19,97039,2.9064876984126955,,0,0.17751689835627837,0,0.17769600118135526,0,0.16865503405117882,0,0.09290820129729355,0,0.07931122445121122,0,0.05354722389115099,0,0.04484994982063681
98222,04 March 2025 - 09:47 PM,2025-03-04T21:47:00,1.7,7.8,125.88,97134,2.872845238095236,,0,0.1145144417644876,0,0.0719910777457211,0,0.06608417840061805,0,0.07127158591357659,0,0.04706002198208692,0,0.04682958588389898,0,0.042625680802547986
98128,07 March 2025 - 02:25 AM,2025-03-07T02:25:00,3.5,7.75,126.6,97228,3.1633742063492036,2.4,1,0.1645077920608178,1,0.1269825610262833,0,0.08950720823359269,0,0.08363280382466504,0,0.06263281652565525,0,0.05352444093656611,0,0.05205466415156805
98068,08 March 2025 - 03:47 AM,2025-03-08T03:47:00,1.5,7.68,124.86,97288,3.163596320346323,4.2,1,0.5325491510026399,1,0.2870672247039164,1,0.3346928179283241,0,0.10503761835338292,0,0.0813595978831154,0,0.04079289856440735,0,0.05017744765877313
97930,10 March 2025 - 05:05 AM,2025-03-10T05:05:00,2.3,17.64,120.51,97426,2.9798607142857154,3.2,1,0.4151484065898041,1,0.36431811016041754,1,0.24896749027755455,0,0.06530432632895411,0,0.04567425426522984,0,0.024892549604754278,0,0.024045866949076077
97878,11 March 2025 - 05:30 AM,2025-03-11T05:30:00,2.8,17.58,120.49,97478,3.1120091269841295,3.1,1,0.3190907800102318,1,0.2332528640296005,1,0.25385829331296283,0,0.10456357550291365,0,0.0593815245046603,0,0.026907433918575974,0,0.014433327884627952
97835,12 March 2025 - 12:48 AM,2025-03-12T00:48:00,1.6,17.68,120.56,97521,2.954425595238096,3.0,1,0.2606416183834058,1,0.19195441073578545,1,0.23396424406926886,0,0.1270874359634543,0,0.05711211265986622,0,0.02429000739901046,0,0.01930169713316466
97769,13 March 2025 - 07:55 PM,2025-03-13T19:55:00,2.4,8.34,127.46,97587,3.5811478174603217,3.3,1,0.583105192406769,1,0.33430720848227735,0,0.37284977990023216,1,0.318149265441748,0,0.23063998106201883,0,0.1398900805372215,0,0.08013657008995256
97680,15 March 2025 - 11:53 PM,2025-03-15T23:53:00,1.8,10.0,125.23,97676,2.8829619047619044,,0,0.15809426841181456,0,0.18127938515697392,0,0.1291045431673702,0,0.09879092313459288,0,0.06980626125104053,0,0.059291803558052615,0,0.059148148385747
97659,16 March 2025 - 06:51 AM,2025-03-16T06:51:00,2.5,10.0,126.07,97697,2.745141269841268,2.4,1,0.20254492250870915,1,0.16519971994986132,0,0.141797313541756,0,0.052360276030148034,0,0.055699090267028156,0,0.05473550877412532,0,0.05436681957920289
97542,18 March 2025 - 07:41 PM,2025-03-18T19:41:00,1.5,10.33,126.21,97814,3.016636904761906,1.9,1,0.32342499116660484,0,0.16058728470188435,1,0.202668270706653,0,0.11625507114298589,0,0.10990734592889626,0,0.0487417939614179,0,0.030384828180602466
97516,19 March 2025 - 07:24 AM,2025-03-19T07:24:00,3.9,13.14,120.95,97840,2.8347917658730135,3.6,1,0.2580975777062527,1,0.23857622886443036,1,0.18153875207588294,0,0.04889955109816813,0,0.0628312506759848,0,0.039097453683179524,0,0.03811281196940553
97515,19 March 2025 - 07:25 AM,2025-03-19T07:25:00,1.8,13.1,121.14,97841,3.103260714285713,3.6,1,0.4227954830807306,0,0.17163422567900885,1,0.2779950530472363,0,0.22349476303852434,0,0.07449783930933479,0,0.03859681309056233,0,0.030740137549413894
97478,20 March 2025 - 02:22 AM,2025-03-20T02:22:00,1.5,8.89,126.61,97878,2.8891331349206335,,0,0.1759209436470195,0,0.14736148174978803,0,0.12154222937190745,0,0.08387038286591794,0,0.06995008918200839,0,0.07595258878044303,0,0.03773116795431365
97430,21 March 2025 - 11:26 AM,2025-03-21T11:26:00,1.6,10.45,125.24,97926,2.6612026785714282,,0,0.13172861647993295,0,0.10396662732923462,0,0.08456459185564988,0,0.05615623947255372,0,0.04860817366897094,0,0.04317955305605717,0,0.042917190268580825
97252,26 March 2025 - 01:48 AM,2025-03-26T01:48:00,1.5,13.57,120.67,98104,2.611071311327561,,0,0.12388566873696442,0,0.10996009796116775,0,0.10095960361526418,0,0.0508491636964709,0,0.043609561457274515,0,0.034304034590317806,0,0.03620446766914288
97224,26 March 2025 - 06:41 PM,2025-03-26T18:41:00,1.8,9.98,125.21,98132,2.9625761904761907,,0,0.25164431812208427,0,0.16732095483156062,0,0.21117220306571396,0,0.13966002844058642,0,0.14748049655956744,0,0.1252010639173089,0,0.08293646702747173
97062,29 March 2025 - 10:26 PM,2025-03-29T22:26:00,3.5,2.89,126.25,98294,3.362331845238095,,0,0.12423061635983652,0,0.06517280003812026,0,0.10462623675325292,0,0.11602094941292464,0,0.06373793586632537,0,0.0637121524118588,0,0.025159177539502534
97057,29 March 2025 - 10:51 PM,2025-03-29T22:51:00,2.0,9.57,126.25,98299,2.7103882936507926,,0,0.13754904600590512,0,0.0933262936298769,0,0.11484224661168081,0,0.0854648236573616,0,0.06230501068780812,0,0.040648992825778024,0,0.05190879411078238
97027,30 March 2025 - 08:34 AM,2025-03-30T08:34:00,2.9,8.83,126.51,98329,2.8744900793650787,,0,0.20376355162928256,0,0.13390797751464792,0,0.1066203060585854,0,0.0730018061756029,0,0.08414200944160864,0,0.036419364718492345,0,0.045145392004306506
99704,01 April 2025 - 02:42 AM,2025-04-01T02:42:00,2.0,18.25,120.85,98383,2.6847492063492058,,0,0.1335111591602977,0,0.11413277545614367,0,0.11698919928477661,0,0.05194392955983996,0,0.056481117717470254,0,0.04189444566318356,0,0.035323909570077125
99631,02 April 2025 - 10:40 PM,2025-04-02T22:40:00,2.3,9.52,126.46,98456,3.2256228535353584,2.3,1,0.4037317485390705,1,0.19846970125387411,0,0.33998020076665675,0,0.10456748487018502,0,0.05392568280788795,0,0.049891925906400895,0,0.018764805605553075
99610,03 April 2025 - 08:55 AM,2025-04-03T08:55:00,2.1,7.21,123.64,98477,2.92579523809524,,0,0.1618667617600852,0,0.16682194770679348,0,0.1335755350858644,0,0.08890551787671068,0,0.061332787752054446,0,0.052811693138827644,0,0.040607446487011305
99592,04 April 2025 - 12:45 AM,2025-04-04T00:45:00,2.1,10.29,123.11,98495,2.8240150793650804,,0,0.15980741880930466,0,0.13204441687820861,0,0.14746022348468882,0,0.0969674663659099,0,0.06739504337388862,0,0.06039804044611413,0,0.03629430924587711
99433,07 April 2025 - 11:59 AM,2025-04-07T11:59:00,2.3,9.49,126.0,98654,2.697471726190474,,0,0.14318241378986366,0,0.08099020482587509,0,0.13424981915428502,0,0.09254996408101691,0,0.04902475158183835,0,0.03395179790836904,0,0.03386465636642224
99375,09 April 2025 - 03:38 AM,2025-04-09T03:38:00,3.8,4.65,124.96,98712,3.7746636904761885,,0,0.48755925493136,0,0.16844323666271457,0,0.250200568896725,0,0.1783885343406698,0,0.2745987745213872,0,0.15545275144571202,0,0.13728203888755788
99320,10 April 2025 - 02:17 PM,2025-04-10T14:17:00,2.0,12.19,124.32,98767,3.0766741071428565,,0,0.38470305541066807,0,0.23641194151804218,0,0.17602595297456997,0,0.06598178449109118,0,0.039404105897413715,0,0.016360849615545917,0,0.007107480208747341
99209,13 April 2025 - 10:15 AM,2025-04-13T10:15:00,2.6,12.17,123.88,98878,3.1126309523809503,,0,0.27361972183321603,0,0.24937615946800865,0,0.12064004955947814,0,0.059716384279117615,0,0.022278983644723277,0,0.020637506301865054,0,0.004800285188423236
99168,14 April 2025 - 09:33 AM,2025-04-14T09:33:00,1.6,13.72,120.54,98919,2.808620535714287,,0,0.18821957844144033,0,0.1448801946593378,0,0.13619612499940556,0,0.12851693444847087,0,0.07980374788180648,0,0.08682020275370568,0,0.045649132068334264
98988,18 April 2025 - 04:00 PM,2025-04-18T16:00:00,3.5,7.95,127.24,99099,3.118015079365078,,0,0.1689277776341121,0,0.13740710837575423,0,0.15316026364696253,0,0.0843032890314011,0,0.04955349243437835,0,0.07439757616716301,0,0.030855928493051202
98982,18 April 2025 - 08:24 PM,2025-04-18T20:24:00,2.4,18.29,119.24,99105,3.0457808531746067,,0,0.11083212502267731,0,0.10140299666204095,0,0.10293151134666127,0,0.08668476131335667,0,0.038410085139909206,0,0.030655335556967516,0,0.044439384926742605
98860,20 April 2025 - 02:42 PM,2025-04-20T14:42:00,2.3,6.18,124.19,99227,3.844230753968254,3.7,1,0.6688924151308125,0,0.25669426647452787,1,0.3123955147392091,1,0.2694385568805035,1,0.4486805360607938,0,0.22684960213115052,0,0.15068175178826318
98859,20 April 2025 - 03:41 PM,2025-04-20T15:41:00,3.7,6.04,124.17,99228,4.002064285714284,3.3,1,0.6162280170804282,1,0.3784883283018858,1,0.4673270933148357,1,0.2862230369169692,0,0.3944678480024213,0,0.17504347278952806,0,0.12929262451445145
98803,21 April 2025 - 09:07 PM,2025-04-21T21:07:00,1.7,15.59,121.06,99284,2.9144265873015884,,0,0.12896920502357684,0,0.09088767901532187,0,0.09488184345545808,0,0.06685976619371918,0,0.04033282772969673,0,0.05570276145235013,0,0.030821180211464606
98763,22 April 2025 - 05:56 PM,2025-04-22T17:56:00,2.1,10.72,124.15,99324,2.706188095238095,,0,0.11191262159553655,0,0.08867494595585564,0,0.06844681843152356,0,0.010078205804197493,0,0.03327207942547687,0,0.013145973526331236,0,0.009512088937662942
98673,24 April 2025 - 05:25 PM,2025-04-24T17:25:00,2.2,9.26,126.05,99414,2.808132936507937,,0,0.15386908244471667,0,0.11586169652633993,0,0.09945846560781633,0,0.04270840629799135,0,0.07554570847486353,0,0.05739736791440488,0,0.03608751784610616
98663,24 April 2025 - 09:31 PM,2025-04-24T21:31:00,2.8,13.85,120.52,99424,2.645203373015872,,0,0.20495428521630912,0,0.12974681459114665,0,0.1275295022643882,0,0.06276071050855436,0,0.049434633807426645,0,0.03894626747424235,0,0.04061066868324624
98594,26 April 2025 - 01:49 AM,2025-04-26T01:49:00,2.4,7.65,126.89,99493,3.0138124007936513,,0,0.10636141621186235,0,0.058060283419374956,0,0.11156791393455057,0,0.08036990782262039,0,0.054146149116155805,0,0.07099748428413032,0,0.026322158588212245
98530,27 April 2025 - 05:02 PM,2025-04-27T17:02:00,2.0,11.62,124.38,99557,2.651841071428572,,0,0.17059366786210753,0,0.09867780341140138,0,0.10455814377268544,0,0.03761332357777581,0,0.03751722983755748,0,0.05296727769273869,0,0.02635480533323876
98522,27 April 2025 - 10:44 PM,2025-04-27T22:44:00,1.7,6.18,124.5,99565,2.9242842261904745,,0,0.12589015100942463,0,0.08903425886651371,0,0.105887798351764,0,0.09657759488994856,0,0.08124810988235392,0,0.053149725403064084,0,0.0503742800213742
98473,28 April 2025 - 12:51 PM,2025-04-28T12:51:00,1.5,9.61,126.25,99614,2.6058657738095223,,0,0.13799294943336465,0,0.09473350836604964,0,0.08153126859457745,0,0.03569197381234706,0,0.032372225235168625,0,0.022240073037321225,0,0.04334705397813259
98465,28 April 2025 - 07:44 PM,2025-04-28T19:44:00,1.8,18.15,120.89,99622,2.719232936507938,,0,0.12749452880129536,0,0.14069429454415983,0,0.13951015723352633,0,0.04563510502203471,0,0.07563339159257686,0,0.05563194949751634,0,0.03821211578369418
101212,02 May 2025 - 02:14 AM,2025-05-02T02:14:00,2.5,6.67,126.15,99764,2.715631051587302,,0,0.14528345724325445,0,0.09024986024536302,0,0.1212754147541832,0,0.02191942386185773,0,0.0470721984172358,0,0.050508667482578914,0,0.04576350628796837
101067,04 May 2025 - 09:43 PM,2025-05-04T21:43:00,2.4,7.58,126.49,99909,3.0135672619047615,,0,0.14855912633470286,0,0.09151426661173455,0,0.09669929850792025,0,0.06754199196538688,0,0.06538047067492675,0,0.029176202246071266,0,0.0432785940214846
100983,06 May 2025 - 08:56 PM,2025-05-06T20:56:00,2.0,12.76,123.12,99993,2.8512381944444467,,0,0.13818612889046006,0,0.11821039808056545,0,0.1261442645492539,0,0.10147808688537831,0,0.05980457501134919,0,0.05299575585412875,0,0.032626188126935525
100922,07 May 2025 - 08:39 PM,2025-05-07T20:39:00,2.5,9.7,125.42,100054,2.6838660714285703,,0,0.15174994167290223,0,0.1259907491242128,0,0.09428056344021547,0,0.044557027575319534,0,0.03766265358209551,0,0.02292560834723432,0,0.04316907943576039
100805,10 May 2025 - 09:18 AM,2025-05-10T09:18:00,2.6,6.36,125.82,100171,2.8467029761904765,,0,0.10052431323494765,0,0.08796994871454693,0,0.10816735042473599,0,0.07289396455012802,0,0.03608261287926465,0,0.06755750124838801,0,0.031019229249747364
100774,11 May 2025 - 12:50 AM,2025-05-11T00:50:00,2.0,19.16,121.19,100202,2.668663194444443,,0,0.1989075479424743,0,0.15713046630886504,0,0.12347356687548211,0,0.08012955969463066,0,0.07524636062522791,0,0.0481934597511245,0,0.06916284797072529
100688,12 May 2025 - 01:47 PM,2025-05-12T13:47:00,2.4,7.57,127.56,100288,3.2457019841269847,,0,0.10722801366849527,0,0.0742675746518892,0,0.06209273844129999,0,0.10928899251750264,0,0.04615649369665783,0,0.08754655454573906,0,0.026289235647594333
100588,14 May 2025 - 05:03 AM,2025-05-14T05:03:00,2.1,10.38,125.19,100388,2.7642243055555547,,0,0.17339558899680216,0,0.14587240503869686,0,0.13354239542669036,0,0.07841620080065652,0,0.06479860553148344,0,0.022768004667884492,0,0.05494579196144416
100517,15 May 2025 - 11:13 PM,2025-05-15T23:13:00,1.5,14.79,121.55,100459,2.9059450396825417,,0,0.11935765816363211,0,0.09427462432636932,0,0.08475417885963112,0,0.08735272343549948,0,0.05593688611946504,0,0.034519971196039195,0,0.040541270333447586
100490,16 May 2025 - 08:47 AM,2025-05-16T08:47:00,3.1,5.8,123.98,100486,3.0213115079365087,,0,0.1575201734470393,0,0.13621741993481482,0,0.14950842180566354,0,0.1328239085966141,0,0.08108886701225361,0,0.0779078951941052,0,0.0569084485380649
100247,21 May 2025 - 01:25 AM,2025-05-21T01:25:00,1.5,6.46,123.83,100729,2.8504500000000013,,0,0.15823349147063936,0,0.10982331357848826,0,0.16868892344584105,0,0.10662377337892832,0,0.06278091780783306,0,0.0905106919999123,0,0.06436262288503534
100170,22 May 2025 - 10:26 PM,2025-05-22T22:26:00,1.7,9.25,126.28,100806,2.865708324314569,,0,0.18827926819630908,0,0.14978592750454456,0,0.11096298533957795,0,0.09442397777100389,0,0.04810476595500299,0,0.03763831998887935,0,0.050127356576919926
100142,23 May 2025 - 03:44 PM,2025-05-23T15:44:00,2.4,18.01,121.43,100834,2.964450396825398,,0,0.1371888108576453,0,0.12421531153935567,0,0.11781108158861092,0,0.1097046722377672,0,0.08327445763682179,0,0.054303771593189575,0,0.03645467413159851
100127,23 May 2025 - 11:29 PM,2025-05-23T23:29:00,2.8,16.11,119.55,100849,3.010580456349209,,0,0.16391807157429367,0,0.13999301464761302,0,0.14514802810896513,0,0.05941312685863557,0,0.06367349014613688,0,0.04599405076423723,0,0.03134023419566297
100115,24 May 2025 - 02:27 AM,2025-05-24T02:27:00,2.3,7.38,126.57,100861,2.9539823412698407,,0,0.13523350191049544,0,0.10402344305364167,0,0.07738342993350145,0,0.06523668570516176,0,0.052473856787242354,0,0.052297185039327204,0,0.04053863318348443
100034,25 May 2025 - 02:01 PM,2025-05-25T14:01:00,1.7,9.78,126.2,100942,2.706245923520922,,0,0.15895117246916984,0,0.12066544911132066,0,0.09574841249763252,0,0.05518558122089102,0,0.046923832651763246,0,0.028526623625019433,0,0.04073212144964163
100030,25 May 2025 - 05:09 PM,2025-05-25T17:09:00,2.9,10.39,125.19,100946,2.647887400793651,2.7,1,0.2197228031769423,1,0.1804127965588647,0,0.12287316228145526,0,0.030491541964537957,0,0.04408197725757059,0,0.03610046541873144,0,0.0549580237336167
99972,26 May 2025 - 09:18 PM,2025-05-26T21:18:00,1.8,9.93,126.11,101004,2.6085816287878796,,0,0.14283207165586664,0,0.10169098435453733,0,0.05716830137970277,0,0.03340688937431915,0,0.03288936701626495,0,0.029234093522060585,0,0.035996206153090786
99946,27 May 2025 - 07:17 AM,2025-05-27T07:17:00,1.9,15.82,120.85,101030,2.783372916666667,,0,0.19808114239082603,0,0.14494421997183915,0,0.12785137960856519,0,0.1056174525058231,0,0.0755343450339051,0,0.0640168028341022,0,0.03696364368498307
99849,28 May 2025 - 11:59 PM,2025-05-28T23:59:00,3.5,9.9,122.08,101127,2.949344543650794,,0,0.2033900586544423,0,0.231151770149963,0,0.15726347486833914,0,0.10327150232732213,0,0.08022881390427958,0,0.06842280327885947,0,0.05746527740965407
99782,30 May 2025 - 02:22 PM,2025-05-30T14:22:00,2.4,13.89,120.44,101194,2.6546549603174605,,0,0.1538689973719692,0,0.11164742354435483,0,0.11279790338519598,0,0.07883042781734646,0,0.045664541532980864,0,0.04046336019312082,0,0.05231730079436339
99748,31 May 2025 - 04:30 AM,2025-05-31T04:30:00,1.6,16.66,120.95,101228,2.559921626984127,1.4,1,0.15440819527928298,0,0.13078662126890755,1,0.19785666080590159,0,0.051264783964630765,0,0.03550261309329376,0,0.052767877796829066,0,0.02393224366511599
99724,31 May 2025 - 11:12 AM,2025-05-31T11:12:00,1.3,7.67,122.31,101252,2.9531750992063506,,0,0.14962745066607755,0,0.09599242905484806,0,0.09651580533638074,0,0.10851128130735305,0,0.08091569322435686,0,0.043647802830365345,0,0.04140978466483694
102891,01 June 2025 - 06:11 AM,2025-06-01T06:11:00,2.2,8.31,125.86,101279,2.9593794642857096,,0,0.14108753730746734,0,0.10428941782743412,0,0.09204167639793959,0,0.10707816677612342,0,0.05703584931398833,0,0.03900653430191339,0,0.031229575916645724
102880,01 June 2025 - 12:09 PM,2025-06-01T12:09:00,1.4,13.65,120.6,101290,2.607160714285713,,0,0.14345018002430493,0,0.11969397488067386,0,0.13172751170550723,0,0.04597524575597358,0,0.06504142409417922,0,0.05939405864500812,0,0.04560302409575333
102685,04 June 2025 - 12:00 AM,2025-06-04T00:00:00,2.7,17.05,121.54,101485,2.7548079365079357,3.2,1,0.230750576302378,1,0.21056750479015776,1,0.21072701925964898,0,0.12401529015102376,0,0.03126369915357911,0,0.03125476912223779,0,0.011980202892464369
102673,04 June 2025 - 12:52 AM,2025-06-04T00:52:00,3.0,17.04,121.55,101497,2.7629236111111113,3.2,1,0.2234392052635032,1,0.21243800434670435,1,0.2091023593739255,0,0.12069862733429006,0,0.029292540872479563,0,0.035229664113474925,0,0.014417090020862946
102634,04 June 2025 - 04:41 AM,2025-06-04T04:41:00,1.5,17.07,121.58,101536,2.7254625000000003,3.2,1,0.2797733644969276,1,0.2458267960522509,0,0.24294874217175283,0,0.14619143157905093,0,0.033034323921874845,0,0.04519180314724282,0,0.028800856389397892
102625,04 June 2025 - 06:01 AM,2025-06-04T06:01:00,1.7,17.09,121.59,101545,2.738020535714284,2.8,1,0.22664767679391737,1,0.20796211106166068,0,0.23085853268931736,0,0.13906919678224616,0,0.033710536658661736,0,0.024881027448386307,0,0.028802693707962686
102595,04 June 2025 - 08:43 PM,2025-06-04T20:43:00,2.8,17.1,121.57,101575,2.842892261904763,2.8,1,0.26866226699480644,1,0.24589523357516221,0,0.2558033357056713,0,0.1716243650318371,0,0.05296907220511843,0,0.05727654610190923,0,0.028940337065592892
102578,05 June 2025 - 12:55 AM,2025-06-05T00:55:00,2.9,9.32,122.29,101592,2.8997112103174585,,0,0.15007324143283104,0,0.14820660553784618,0,0.1393173463224926,0,0.09013413177314072,0,0.0463482887260511,0,0.025384861871272847,0,0.0311500429212285
102565,05 June 2025 - 03:21 AM,2025-06-05T03:21:00,2.4,17.06,121.56,101605,2.7629098214285706,2.8,1,0.1795032494448365,1,0.2198255105563643,0,0.19362418034234197,0,0.1262655488340288,0,0.03804350507602546,0,0.051821686218345354,0,0.019317954544786232
102335,09 June 2025 - 09:39 PM,2025-06-09T21:39:00,2.8,16.41,122.47,101835,2.9594689484126984,2.1,1,0.1853866678685729,0,0.16690167617092094,1,0.14165907988649182,0,0.13784493922742488,0,0.08837308469743817,0,0.08092604924868682,0,0.04184369658588505
102263,11 June 2025 - 02:22 AM,2025-06-11T02:22:00,2.0,13.55,120.85,101907,2.7288121031746027,,0,0.18761962209286523,0,0.16918492319731393,0,0.12264470613865583,0,0.05316387957346996,0,0.058690967410650455,0,0.04052104333694463,0,0.04773630430357765
102239,11 June 2025 - 03:47 PM,2025-06-11T15:47:00,2.7,13.71,120.59,101931,3.000449774531026,2.1,1,0.29254323835555585,1,0.21065497645987066,0,0.1888368161956034,0,0.09896741921016748,0,0.17410486568019842,0,0.07937042581366624,0,0.06187745673290618
102238,11 June 2025 - 03:51 PM,2025-06-11T15:51:00,3.5,4.61,125.89,101932,3.1684899801587307,,0,0.12747269781585258,0,0.05241095936637748,0,0.1110376299594621,0,0.1155298591436158,0,0.08208171148235208,0,0.05848241819600953,0,0.0551496971066961
102229,11 June 2025 - 08:39 PM,2025-06-11T20:39:00,2.0,14.77,121.39,101941,3.0990803571428605,,0,0.3007894636571489,0,0.20879819367446686,0,0.2257124548004824,0,0.18637933250378752,0,0.14186188658294463,0,0.10272524936604473,0,0.07312400819094701
102165,13 June 2025 - 04:51 AM,2025-06-13T04:51:00,3.8,4.89,125.3,102005,3.1348660443722993,2.9,1,0.4822550680081347,0,0.26226006612199254,0,0.25069280921916515,1,0.07605215089111929,0,0.03466974156967826,0,0.010274113480510218,0,0.00939611806655422
102137,14 June 2025 - 12:04 AM,2025-06-14T00:04:00,3.1,7.62,122.16,102033,2.8168856150793635,,0,0.18862391034500192,0,0.1475129933702017,0,0.07728773976012941,0,0.018842168542569433,0,0.022247470070497072,0,0.03931678944997905,0,0.0344566138859755
102105,14 June 2025 - 05:27 PM,2025-06-14T17:27:00,4.8,19.1,121.08,102065,2.988878273809524,2.9,1,0.32647490825537295,1,0.1987824299724828,1,0.1498116208990229,1,0.1147576470067108,0,0.17082646043490446,0,0.029063626855364736,0,0.04083209978748541
102070,15 June 2025 - 06:20 AM,2025-06-15T06:20:00,1.6,15.42,121.26,102100,2.8955273809523816,,0,0.19996928479322928,0,0.11384839776234633,0,0.14351239838262667,0,0.0993667726817205,0,0.0671390070179258,0,0.05761706939563125,0,0.044296407824212715
102028,16 June 2025 - 01:11 PM,2025-06-16T13:11:00,2.5,9.94,122.62,102142,2.8894065476190467,,0,0.17191311191061043,0,0.12971815814336926,0,0.1337839650466575,0,0.10534941691677183,0,0.06260896823358225,0,0.061932128074424365,0,0.037147487208541136
101943,18 June 2025 - 12:31 PM,2025-06-18T12:31:00,4.2,3.59,126.68,102227,3.6543198412698374,,0,0.39622961113112487,0,0.1837602354130247,0,0.26956890721693133,0,0.17965968286550946,0,0.06864338790011161,0,0.04280412554396698,0,0.030671089545917813
101745,21 June 2025 - 11:25 PM,2025-06-21T23:25:00,2.5,18.86,120.83,102425,2.8519869047619055,,0,0.14834013846080973,0,0.10348417356015249,0,0.09726783100790704,0,0.06449431135017514,0,0.03640040175846795,0,0.016262609872496326,0,0.028612782323063187
101647,23 June 2025 - 10:37 PM,2025-06-23T22:37:00,3.0,12.84,120.98,102523,2.7437046626984154,2.9,1,0.13472715853493655,1,0.14377496420340477,0,0.098722364451654,0,0.037054396780540406,0,0.03284992977404035,0,0.013264028989391436,0,0.02138249833101261
101553,25 June 2025 - 05:58 AM,2025-06-25T05:58:00,2.1,11.27,124.1,102617,2.868533630952381,,0,0.07409660332038503,0,0.06856313333881643,0,0.06884283477976459,0,0.05642655836481094,0,0.03959423624084574,0,0.02982588194595415,0,0.024479204876018845
101491,26 June 2025 - 08:50 PM,2025-06-26T20:50:00,4.5,4.87,124.21,102679,3.276532440476192,2.5,1,0.20128807393261097,1,0.07325144225826467,0,0.11378734836579263,0,0.10594431345909223,0,0.056636085558663424,0,0.0507086595966768,0,0.058502237096746096
101466,27 June 2025 - 06:19 AM,2025-06-27T06:19:00,2.1,6.12,126.37,102704,3.20273538961039,,0,0.34076986584656593,0,0.17692879076744064,0,0.16876816371362785,0,0.09542315909093121,0,0.08774985059771852,0,0.033165843296468614,0,0.06230428669421691
101434,28 June 2025 - 06:24 AM,2025-06-28T06:24:00,1.8,7.87,126.57,102736,2.99590873015873,,0,0.14530014357639265,0,0.09473157497935353,0,0.10427705693247252,0,0.07874389090751312,0,0.06495888174701075,0,0.05421445705043944,0,0.038099026888258274
101376,29 June 2025 - 03:47 AM,2025-06-29T03:47:00,3.2,5.31,125.69,102794,3.706613068181816,3.5,1,0.5039342267386747,0,0.10411067359544957,0,0.16962871745163743,0,0.17979457938770968,1,0.4044061351615779,0,0.2355529174193155,0,0.1206155124613025
101330,29 June 2025 - 09:53 PM,2025-06-29T21:53:00,3.8,11.82,125.49,102840,2.9934110119047626,3.4,1,0.20379462463767084,1,0.146646229790237,0,0.14565556442041433,0,0.11427185741499252,0,0.0771918076029081,0,0.027300175832523806,0,0.033647499477898385
104317,01 July 2025 - 02:00 AM,2025-07-01T02:00:00,2.1,17.91,120.21,102909,2.676747123015872,,0,0.10371921972295098,0,0.07767108278220887,0,0.06632468021514494,0,0.040993782543154486,0,0.04288783915670816,0,0.031763479901707255,0,0.028925938209812093
104256,02 July 2025 - 11:05 AM,2025-07-02T11:05:00,1.3,16.46,121.24,102970,2.855997420634921,,0,0.12458159433052489,0,0.08750028778832095,0,0.09600685848740391,0,0.06495317602127262,0,0.05181720566209685,0,0.028244156414440176,0,0.044860563320708494
104210,03 July 2025 - 05:10 PM,2025-07-03T17:10:00,2.0,14.04,120.58,103016,2.6727350198412707,,0,0.1268564957389506,0,0.09030084766955798,0,0.08494207173901483,0,0.028575722468330317,0,0.04290914121091071,0,0.02026598382708524,0,0.014704151386788511
104202,03 July 2025 - 09:57 PM,2025-07-03T21:57:00,2.5,5.78,126.84,103024,3.134362797619047,,0,0.13443497681756802,0,0.09406468886026077,0,0.10417443722593225,0,0.08785600165066682,0,0.054841954971374986,0,0.04539883321440848,0,0.040383208409956524
103986,08 July 2025 - 01:11 AM,2025-07-08T01:11:00,3.5,11.54,124.38,103240,3.096715151515153,2.1,1,0.3080644636106238,1,0.23117879348813478,0,0.20356595462723015,0,0.05341301094591424,0,0.03664717950359821,0,0.016760916924912855,0,0.002248722423033778
103946,09 July 2025 - 03:52 AM,2025-07-09T03:52:00,1.8,8.4,122.74,103280,2.789662797619048,,0,0.18084254753865586,0,0.15064104463966674,0,0.19730769363362646,0,0.10118736106762424,0,0.07262845314471364,0,0.059745570036480136,0,0.049250714045489294
103660,15 July 2025 - 12:04 AM,2025-07-15T00:04:00,1.6,14.93,119.9,103566,2.869963690476193,,0,0.08330833519664237,0,0.059860569877295086,0,0.09140073804410836,0,0.06692978372722802,0,0.034271060787311215,0,0.01162384788251602,0,0.026382002712530182
103604,15 July 2025 - 11:41 PM,2025-07-15T23:41:00,1.6,8.85,126.5,103622,2.836750694444442,,0,0.16515592536202145,0,0.12392547840604733,0,0.12707092436060427,0,0.10110259370341321,0,0.07379010598082024,0,0.06571567674254598,0,0.05280963482100952
103375,22 July 2025 - 04:17 AM,2025-07-22T04:17:00,1.6,8.47,125.81,103851,2.820452083333331,,0,0.16738341194038944,0,0.16347866753374107,0,0.10805781883461586,0,0.06910716915171683,0,0.06597818309654462,0,0.03215864158707527,0,0.043141951834314254
103361,22 July 2025 - 09:03 AM,2025-07-22T09:03:00,1.9,18.39,120.75,103864,2.664201884920635,,0,0.15561220361131867,0,0.13165590890641168,0,0.1706120490450542,0,0.0772260034345118,0,0.06513156052520118,0,0.01591511588230662,0,0.04328495253392989
103317,23 July 2025 - 06:29 AM,2025-07-23T06:29:00,3.2,11.34,124.57,103909,2.7722263888888885,2.2,1,0.21663114811716835,1,0.19067870797469436,0,0.09663156025333058,0,0.01209230012680706,0,0.02652406503360847,0,0.03680471739081789,0,0.02603544526799402
103115,27 July 2025 - 10:05 AM,2025-07-27T10:05:00,2.5,8.79,127.12,104111,2.926931051587301,,0,0.13797166658877694,0,0.09696560751178436,0,0.03956067616659633,0,0.07253839434650894,0,0.04163375920075091,0,0.07588352363782673,0,0.02642795606552191
103061,28 July 2025 - 07:47 AM,2025-07-28T07:47:00,2.1,6.74,126.59,104165,3.0914546626984127,,0,0.11770921875646953,0,0.0932947402280591,0,0.09485757707864485,0,0.0907348780494105,0,0.06482048808115429,0,0.024416066408961948,0,0.03593104573541156
103038,28 July 2025 - 07:45 PM,2025-07-28T19:45:00,1.7,8.02,126.68,104188,2.796079752886003,,0,0.17175602450355837,0,0.10192443344973576,0,0.08245972609764599,0,0.033712332826538544,0,0.02839371405110379,0,0.035863012943387035,0,0.04799422516308769
105933,01 August 2025 - 08:09 AM,2025-08-01T08:09:00,3.0,8.28,127.48,104344,3.0722127976190468,2.5,1,0.2526712793430476,0,0.1720259934991734,1,0.15480452944289755,0,0.09774660927460088,0,0.08907561223988396,0,0.07692102917728649,0,0.06423385753686452
105889,02 August 2025 - 10:53 AM,2025-08-02T10:53:00,1.6,13.06,120.73,104388,2.7747370039682546,,0,0.08174015180514006,0,0.0655810907787928,0,0.06148592364352031,0,0.07160441256561598,0,0.02385462016329688,0,0.02302710123668423,0,0.019408132893513334
105594,08 August 2025 - 09:34 AM,2025-08-08T09:34:00,3.2,10.12,123.53,104683,2.961160615079367,,0,0.18569998122410047,0,0.20762907509589112,0,0.19933335935713614,0,0.12873642837956997,0,0.03673330965750162,0,0.07572400423289129,0,0.0382769279164974
105543,09 August 2025 - 01:34 PM,2025-08-09T13:34:00,2.3,5.61,125.26,104734,3.046510218253969,,0,0.14004098525390737,0,0.08847521355964984,0,0.14027479446429647,0,0.11791809329338719,0,0.09039446151910877,0,0.06952950877633489,0,0.04775338196775783
105388,12 August 2025 - 01:15 AM,2025-08-12T01:15:00,1.3,12.97,124.36,104889,2.62920744047619,,0,0.1291182282849192,0,0.10158137225327987,0,0.11084348068031583,0,0.022033185596038365,0,0.04689596801326393,0,0.03391915641383044,0,0.04106871404588569
105366,12 August 2025 - 04:03 AM,2025-08-12T04:03:00,2.1,6.39,126.23,104911,2.8140918650793663,,0,0.13347533938765788,0,0.09181883069823751,0,0.09550051515572842,0,0.042691573833183546,0,0.042382668959080674,0,0.009136164560307372,0,0.0431652373856165
105334,12 August 2025 - 05:26 PM,2025-08-12T17:26:00,3.3,8.18,127.3,104943,3.01156240079365,,0,0.19082623368513218,0,0.19271028732862672,0,0.12125380198255735,0,0.09169740376049904,0,0.07217099673495961,0,0.05028395074026184,0,0.05746022474380125
105296,13 August 2025 - 05:49 AM,2025-08-13T05:49:00,2.4,15.2,120.01,104981,2.736791964285712,,0,0.14200304972752212,0,0.09371171005875603,0,0.09912396246074259,0,0.0627931060198727,0,0.04079630599524822,0,0.03700803810324927,0,0.03730714283230771
105237,14 August 2025 - 11:23 PM,2025-08-14T23:23:00,1.5,17.26,120.38,105040,2.9068067460317466,,0,0.12250582372376366,0,0.10865850321561309,0,0.1214644835362204,0,0.09214072793333475,0,0.06651020622606907,0,0.04891844939567348,0,0.04951300777765466
105133,17 August 2025 - 02:10 AM,2025-08-17T02:10:00,2.1,10.4,123.2,105144,2.7894355158730133,,0,0.17066117601330483,0,0.1624512637416553,0,0.11160096360302486,0,0.06700947248944795,0,0.05359492978188194,0,0.029659465573271922,0,0.040187741469413035
105000,20 August 2025 - 02:11 AM,2025-08-20T02:11:00,2.6,18.86,121.33,105277,2.815254563492065,,0,0.1147236111453646,0,0.10218270223229518,0,0.07437102755482601,0,0.04003468477028225,0,0.04361031049915275,0,0.020095387964631395,0,0.004909088374423819
104975,20 August 2025 - 07:37 PM,2025-08-20T19:37:00,1.6,8.75,126.68,105302,2.8915295544733044,,0,0.1864720442576752,0,0.12693663961391785,0,0.09231763747624616,0,0.06705681787566398,0,0.06400675550432594,0,0.06614247568892778,0,0.045691356639189606
104903,21 August 2025 - 10:14 PM,2025-08-21T22:14:00,1.6,13.93,120.9,105374,2.9088586309523787,,0,0.33099279167812035,0,0.22519854491969216,0,0.2056333073712302,0,0.07959270632982297,0,0.12131340955849187,0,0.025442718485282043,0,0.026156792426685994
104894,22 August 2025 - 01:45 AM,2025-08-22T01:45:00,2.2,17.44,120.01,105383,2.819489285714287,,0,0.12481332457138114,0,0.09227822019255263,0,0.11828163282667309,0,0.08155401441007365,0,0.05088001363926608,0,0.04787776888461157,0,0.03573809654630918
104826,23 August 2025 - 09:31 PM,2025-08-23T21:31:00,2.3,13.61,120.65,105451,2.5265259920634917,,0,0.17255522732079862,0,0.1262561901214803,0,0.10523847802816284,0,0.07204223463454493,0,0.04186040938695015,0,0.03869759148374746,0,0.05281719728388312
104756,24 August 2025 - 06:56 PM,2025-08-24T18:56:00,1.5,13.69,122.77,105521,3.146082440476187,3.7,1,0.5945134294695142,1,0.5032538381313063,1,0.41328569152454625,0,0.1180799558490049,0,0.07434607558652036,0,0.02946343127506841,0,0.019277563918062287
104668,25 August 2025 - 05:26 PM,2025-08-25T17:26:00,2.9,20.66,121.65,105609,2.9358997023809508,,0,0.10278530815441654,0,0.0796526366966914,0,0.09894346212250552,0,0.05986678648351869,0,0.03711553629701722,0,0.012975321974427419,0,0.021975749863602553
104582,27 August 2025 - 03:21 AM,2025-08-27T03:21:00,2.0,9.29,122.32,105695,2.8667950396825406,,0,0.08667305797689458,0,0.05518529527025878,0,0.07343891016869007,0,0.05620335755212565,0,0.03117042248763672,0,0.04053040135078837,0,0.028900946105219698
104488,29 August 2025 - 08:44 AM,2025-08-29T08:44:00,4.6,10.07,126.19,105789,3.167171726190476,3.2,1,0.26114630380440323,1,0.1759882215668691,1,0.18125226182016188,0,0.10524280589591734,0,0.12949195907615668,0,0.05022104612462394,0,0.07063964278421105
104395,30 August 2025 - 09:16 PM,2025-08-30T21:16:00,2.4,13.79,122.89,105882,2.4754689393939397,2.9,1,0.15255753673751055,1,0.10995849288148861,1,0.1240101326248512,0,0.04310131191339985,0,0.029198288252763036,0,0.013103253218758399,0,0.021716876475261767
104367,31 August 2025 - 02:53 AM,2025-08-31T02:53:00,2.9,13.75,122.85,105910,3.0413303571428556,2.4,1,0.2518172513338732,1,0.22215142609317468,0,0.20808922432599528,0,0.10460430254941727,0,0.05290907343285241,0,0.03742329475197368,0,0.0338522875806526
104366,31 August 2025 - 03:09 AM,2025-08-31T03:09:00,2.4,13.74,122.86,105911,3.0529678571428565,2.2,1,0.22651809042016777,1,0.2599396254160363,0,0.18438823826718767,0,0.10649307058632587,0,0.049867438145200504,0,0.03974363020916166,0,0.03389525120075343
104343,31 August 2025 - 03:16 PM,2025-08-31T15:16:00,1.7,9.23,125.65,105934,2.9528479166666646,,0,0.171006567855546,0,0.13801806269720082,0,0.14376295981343687,0,0.09938251718730493,0,0.08030683371598035,0,0.05048127141629109,0,0.03768576100396309
107268,04 September 2025 - 03:52 PM,2025-09-04T15:52:00,3.1,6.4,125.87,106147,2.814554563492063,,0,0.11803541162848266,0,0.10818405684864921,0,0.051488811121479995,0,0.011628722960814707,0,0.020412500715707865,0,0.030122517694307818,0,0.004703160944361634
107250,04 September 2025 - 08:00 PM,2025-09-04T20:00:00,4.3,17.64,120.52,106165,3.034834226190477,3.1,1,0.23847553771780836,1,0.22609876899704204,1,0.24941822264176777,0,0.06815543105151203,0,0.05239590603964441,0,0.034129246308088876,0,0.014154385247498926
107158,06 September 2025 - 01:53 AM,2025-09-06T01:53:00,1.8,13.44,123.48,106257,2.721065674603174,,0,0.11408441526991457,0,0.0912697744343863,0,0.09304037548787038,0,0.07771241840191827,0,0.026674635614761254,0,0.02535209345150562,0,0.024043347909526527
107155,06 September 2025 - 02:15 AM,2025-09-06T02:15:00,2.1,13.49,123.58,106260,2.6467063492063483,1.4,1,0.15058821386160376,1,0.1144034706712438,0,0.13216966105622657,0,0.05705359456702313,0,0.02838107978816357,0,0.05072257319174919,0,0.02645305029831425
107116,06 September 2025 - 11:01 PM,2025-09-06T23:01:00,1.5,9.13,126.52,106299,2.7799364808802305,,0,0.1475611260098765,0,0.10743302234358298,0,0.07629430046742541,0,0.042963022859445726,0,0.060439711868195134,0,0.03366799608199301,0,0.03546480908616348
106983,09 September 2025 - 08:28 AM,2025-09-09T08:28:00,2.0,9.54,126.47,106432,3.151193055555556,,0,0.2553473088112305,0,0.1782206302650457,0,0.1486884610560374,0,0.11504569295053177,0,0.07869355466846613,0,0.057915716566343825,0,0.05262926131008808
106974,09 September 2025 - 07:05 PM,2025-09-09T19:05:00,2.2,7.61,122.06,106441,2.6800968253968245,,0,0.13861079864479842,0,0.11005845046168176,0,0.10920770840178858,0,0.02831151835961889,0,0.032986008284903875,0,0.05444930920829934,0,0.03565906696365936
106931,10 September 2025 - 01:04 PM,2025-09-10T13:04:00,2.8,13.53,120.69,106484,2.599702083333332,,0,0.2152152845598374,0,0.1647821088223716,0,0.10763426483290825,0,0.04378811563792285,0,0.04327872552380299,0,0.042930169728814256,0,0.047959917633334265
106818,13 September 2025 - 03:06 AM,2025-09-13T03:06:00,2.5,17.45,120.38,106597,2.8269330357142866,,0,0.1512615409214108,0,0.1337574985122924,0,0.11944616935906023,0,0.05497064310416462,0,0.0618614516384425,0,0.03269500828278805,0,0.04556923628174066
106692,15 September 2025 - 06:24 AM,2025-09-15T06:24:00,4.3,12.88,121.28,106723,3.132104464285714,2.3,1,0.5900320556346261,0,0.3656559775806884,1,0.3939699208811831,0,0.09783690793548777,1,0.03875205584292167,0,0.048841573861026714,0,0.01924706215465362
106584,17 September 2025 - 02:47 AM,2025-09-17T02:47:00,2.0,9.1,126.33,106831,2.7683867784992806,,0,0.14191789944809746,0,0.09196303077017218,0,0.07740305155620705,0,0.057346363712327084,0,0.041224169588712146,0,0.05728989558489724,0,0.035344078926737806
106574,17 September 2025 - 09:06 AM,2025-09-17T09:06:00,1.4,13.64,120.57,106841,2.483693452380952,,0,0.17111148131034987,0,0.14494085716655222,0,0.1036009629248988,0,0.03385400417684918,0,0.03255833192825869,0,0.05868383065574889,0,0.047773679018796325
106456,19 September 2025 - 08:03 AM,2025-09-19T08:03:00,1.4,8.04,126.29,106959,2.9077462211399716,,0,0.13490395234327585,0,0.09546979243532361,0,0.09541153203297446,0,0.06912448281533402,0,0.055476694563283184,0,0.024824415151973388,0,0.056347942508116235
106431,19 September 2025 - 10:43 PM,2025-09-19T22:43:00,2.1,7.72,126.86,106984,3.021175496031745,,0,0.12128708040656155,0,0.08263041315800641,0,0.09186800938152295,0,0.057364230494020195,0,0.07273297964570191,0,0.061377522107855687,0,0.053959877491063984
106262,24 September 2025 - 01:06 AM,2025-09-24T01:06:00,1.7,13.68,120.63,107153,2.5914661616161614,,0,0.20179476677551755,0,0.14677986893196915,0,0.1155978632644235,0,0.0730588747466463,0,0.059706075274088576,0,0.071955146281627,0,0.054423504904045066
106228,25 September 2025 - 08:37 AM,2025-09-25T08:37:00,3.7,10.01,125.07,107187,3.0138441468253974,2.0,1,0.2035857230801477,1,0.1858058918371288,0,0.17465374207007048,0,0.11947023232916677,0,0.1033260293378419,0,0.08867468566623775,0,0.05472483029846538
106141,27 September 2025 - 01:03 PM,2025-09-27T13:03:00,2.4,14.16,119.38,107274,2.885897718253968,,0,0.1489130597412674,0,0.12110578663338495,0,0.1427580806194558,0,0.09191062026588775,0,0.07269993047194319,0,0.05520634581792899,0,0.05359406561275371
106032,29 September 2025 - 04:39 PM,2025-09-29T16:39:00,1.3,13.0,125.4,107383,2.838800892857144,,0,0.11870474298027073,0,0.060441375023630665,0,0.05437218867532456,0,0.055521660863977675,0,0.017432739216823905,0,0.02917661847844301,0,0.007191913539693375
105988,30 September 2025 - 06:56 AM,2025-09-30T06:56:00,2.3,12.73,125.18,107427,2.6285721230158754,,0,0.11086033433838327,0,0.08356048159016119,0,0.05587125206119062,0,0.035293278601118604,0,0.015622362875196551,0,0.008882539003660768,0,0.011887305435635714
105980,30 September 2025 - 06:27 PM,2025-09-30T18:27:00,2.0,15.48,121.74,107435,2.6781767857142853,,0,0.12529666135106032,0,0.06583358270314763,0,0.08058091241979995,0,0.026443843309521,0,0.03494702462821817,0,0.024599130114533026,0,0.021801123012196236
113024,01 October 2025 - 12:01 AM,2025-10-01T00:01:00,4.5,10.83,123.95,107461,4.350658134920629,5.0,1,0.8297920847049166,1,0.33280017779150206,1,0.5259937609587442,1,0.7403004601002,1,0.7487808108951693,1,0.5614185466235885,1,0.6738246459987604
112812,01 October 2025 - 09:49 AM,2025-10-01T09:49:00,1.6,10.99,124.08,107673,4.224469642857136,5.0,1,0.8116848465037009,1,0.5887783003487147,1,0.6619579815369839,1,0.7230759220201466,1,0.7590117143555396,1,0.5138640639731645,1,0.5712473738359672
112796,01 October 2025 - 10:48 AM,2025-10-01T10:48:00,2.2,10.96,123.95,107689,4.308643533549777,5.0,1,0.82965273671793,1,0.4873192201249366,1,0.6576036563009774,1,0.7515394167343845,1,0.7206947931272724,0,0.5282169364071975,1,0.5708981813629255
112768,01 October 2025 - 12:20 PM,2025-10-01T12:20:00,1.3,11.05,123.95,107717,4.138178273809522,5.0,1,0.7752865274717112,1,0.5693004049223015,1,0.6413284854836155,1,0.7045663899919348,1,0.6979036884571869,0,0.41958214821811524,1,0.4441422867703022
112746,01 October 2025 - 01:54 PM,2025-10-01T13:54:00,1.5,11.21,124.17,107739,4.192448809523805,5.0,1,0.8170838335926246,1,0.5949356563064357,1,0.6832894569623815,1,0.7254202924039886,1,0.7742245562546575,1,0.5445704252906807,1,0.5723174163436977
112737,01 October 2025 - 02:24 PM,2025-10-01T14:24:00,2.2,10.89,123.85,107748,4.283105041486284,5.0,1,0.8413166899675093,1,0.5173033152408317,1,0.6974351994382415,1,0.7503118072975687,1,0.7602238378634435,0,0.557674155545115,0,0.5673203975805005
112705,01 October 2025 - 04:05 PM,2025-10-01T16:05:00,2.9,11.16,124.18,107780,4.1400544642857104,5.0,1,0.8170463003633127,1,0.6242147330771722,1,0.6968617607148079,1,0.7037216834786031,1,0.7291895469293381,1,0.5162880275343891,0,0.5468515381120114
112687,01 October 2025 - 05:15 PM,2025-10-01T17:15:00,4.0,10.95,123.92,107798,4.196854049422796,5.0,1,0.8285521293729665,1,0.5083736634174404,1,0.6846328857646568,1,0.7439126217225679,1,0.7058878700634665,0,0.4677181335410782,0,0.49025470693550444
112658,01 October 2025 - 07:53 PM,2025-10-01T19:53:00,2.2,10.85,123.92,107827,4.253212581168827,5.0,1,0.837237225928378,1,0.5198969831643011,1,0.6987250003489726,1,0.75514762540928,1,0.7615565942383479,0,0.5545422553858612,0,0.5313935789490632
112646,01 October 2025 - 08:42 PM,2025-10-01T20:42:00,2.2,11.2,124.07,107839,4.117624404761903,5.0,1,0.8114519617533444,1,0.631704113891167,1,0.7124305184513158,1,0.7255904935436955,1,0.7173626030602597,0,0.4433198355966272,0,0.5306724651579147
112609,01 October 2025 - 10:56 PM,2025-10-01T22:56:00,4.2,11.14,124.14,107876,3.733223809523807,4.5,1,0.5211977522679939,1,0.40629141231677207,1,0.23702832084896439,1,0.2611086793541031,1,0.34724744798789847,0,0.30922476384032377,0,0.2990657056312259
112557,02 October 2025 - 02:18 AM,2025-10-02T02:18:00,1.9,11.06,123.97,107928,3.867621906565654,4.5,1,0.5627199785362074,1,0.39389083123143626,1,0.24172247292930127,1,0.26463444111621287,1,0.37303785992535743,0,0.33562487759822973,0,0.3180786319723824
112517,02 October 2025 - 05:31 AM,2025-10-02T05:31:00,1.5,10.92,123.9,107968,3.6533426587301556,4.5,1,0.5768044543678876,1,0.48084362247599893,1,0.23022392784610715,1,0.26071570610791184,1,0.32971894107892635,0,0.2885599533908714,0,0.2929734630285577
112487,02 October 2025 - 08:29 AM,2025-10-02T08:29:00,2.6,11.22,123.99,107998,3.896455438311684,5.1,1,0.6027042469681357,1,0.41418755256107187,1,0.26835466085740106,1,0.2749331401441466,1,0.3961405482581938,0,0.3600577962451456,0,0.36590103139148394
112437,02 October 2025 - 12:49 PM,2025-10-02T12:49:00,1.8,10.99,124.03,108048,3.875626073232322,5.1,1,0.5552506107983474,1,0.4192423040865013,1,0.24176352165949078,1,0.2554042840940496,0,0.3828286210600818,0,0.3165375889640613,0,0.31270871727478844
112421,02 October 2025 - 02:30 PM,2025-10-02T14:30:00,2.1,11.16,124.1,108064,3.846055239898987,5.1,1,0.5460668040374118,1,0.41517957515632065,1,0.22926140344227236,1,0.2439774750806443,0,0.37039480910498523,0,0.32879884256446884,0,0.32405277814108563
112419,02 October 2025 - 02:39 PM,2025-10-02T14:39:00,1.3,13.94,120.55,108066,2.63385064033189,,0,0.14047097475021572,0,0.08826892256022369,0,0.09226398367746257,0,0.0355820518433055,0,0.04928216163334322,0,0.03840580440233932,0,0.04294701178279296
112408,02 October 2025 - 03:18 PM,2025-10-02T15:18:00,2.9,10.96,123.91,108077,3.6514405753968253,5.1,1,0.5497736133382832,1,0.44742389125997084,1,0.21988063716710543,1,0.23508049226065644,1,0.32384063076405456,0,0.2584702505370639,0,0.27040793128550056
112388,02 October 2025 - 04:48 PM,2025-10-02T16:48:00,1.8,11.08,124.15,108096,3.8724264700577185,5.1,1,0.5160224053478091,1,0.41099832084334736,1,0.22828050451328366,1,0.25164793613200837,1,0.3730654420502307,0,0.3406221481468579,0,0.3511826653641854
112384,02 October 2025 - 04:58 PM,2025-10-02T16:58:00,1.9,11.27,124.11,108101,3.955254843073592,5.1,1,0.5815559341593521,1,0.3827731104964363,1,0.2824586824505859,1,0.26596462600404974,1,0.41735952403848897,0,0.3843512741253582,0,0.3724897282624171
112376,02 October 2025 - 06:00 PM,2025-10-02T18:00:00,1.8,10.91,124.0,108109,3.9184728986291453,5.1,1,0.6040881133153311,1,0.4517208244783413,1,0.2454684785681337,1,0.29598834403862395,1,0.4005460410627341,1,0.32960812239718573,0,0.33549131655908143
112357,02 October 2025 - 07:12 PM,2025-10-02T19:12:00,1.8,14.09,120.33,108128,2.7134987103174586,,0,0.09449875196609321,0,0.06556199074640834,0,0.08387567412484433,0,0.03848934264993253,0,0.047596358422437264,0,0.04072896517455952,0,0.02867866057121722
112352,02 October 2025 - 07:46 PM,2025-10-02T19:46:00,3.1,10.99,124.01,108133,3.841099287518036,5.1,1,0.5572827407828692,1,0.3989218463266731,1,0.2364948878292825,1,0.2494008460956011,1,0.3850564615939831,1,0.30726291442817455,0,0.2668484979766982
112336,02 October 2025 - 08:40 PM,2025-10-02T20:40:00,1.8,11.07,124.08,108149,3.8491554383116853,5.1,1,0.5228215109575862,1,0.38599820654857453,1,0.22890041532186053,1,0.23736817012472805,1,0.37655596246843964,1,0.31967538266596396,0,0.2608738760915943
112328,02 October 2025 - 09:26 PM,2025-10-02T21:26:00,2.1,10.77,124.02,108157,3.9677548611111115,5.1,1,0.6318900353479627,1,0.3559791222637183,1,0.3015402400825792,1,0.32533288200386196,1,0.4604759471341781,1,0.3641631303063393,0,0.35840892837287747
112309,02 October 2025 - 10:46 PM,2025-10-02T22:46:00,1.2,11.11,124.09,108176,3.847013771645018,5.1,1,0.524475154448277,1,0.3780555609912453,1,0.2280569105490573,1,0.2395162977695623,1,0.3782157329860134,1,0.3192745242299293,0,0.23704101190002305
112276,03 October 2025 - 12:40 AM,2025-10-03T00:40:00,2.4,11.08,124.03,108209,3.818707819264068,5.1,1,0.5476251464507197,1,0.3888558194608091,1,0.23329376482269568,1,0.2391626030575852,1,0.3720483281321594,1,0.2973189999156892,0,0.22512227902770687
112260,03 October 2025 - 01:38 AM,2025-10-03T01:38:00,1.7,11.15,123.98,108225,3.8654506764069225,5.1,1,0.5543292730122501,1,0.36854481735643146,1,0.24801142191009817,1,0.25189179118343313,1,0.3863859979530493,1,0.31627621531180977,0,0.2464742582490195
112078,03 October 2025 - 07:39 PM,2025-10-03T19:39:00,2.0,11.17,123.89,108407,3.92422647005772,4.6,1,0.5937444321700257,1,0.37219927828961524,1,0.25310225831871624,1,0.29496002778541086,0,0.4158375643622291,0,0.31445122905926765,0,0.20675736241444095
112049,03 October 2025 - 10:26 PM,2025-10-03T22:26:00,2.2,11.16,124.0,108436,3.6869535714285684,4.6,1,0.5028083199955646,1,0.40984243536605514,1,0.23938030425731166,1,0.22258756121316634,0,0.3451583548545726,0,0.21858314406494436,0,0.22611502336604336
112014,04 October 2025 - 01:24 AM,2025-10-04T01:24:00,3.5,10.91,123.97,108471,3.8893998827561314,4.6,1,0.5978725016341859,1,0.3963580502119563,1,0.25965086650080127,1,0.28333369496699345,0,0.39260150967693597,0,0.2731418124932529,0,0.18107864502007487
112003,04 October 2025 - 02:19 AM,2025-10-04T02:19:00,2.4,11.12,124.11,108482,3.8516997835497784,4.6,1,0.5186276219483053,1,0.39145125397942687,1,0.22189261741095317,1,0.24297028946467011,1,0.39086879341688346,0,0.2540936866789087,0,0.19060508244220958
111963,04 October 2025 - 07:33 AM,2025-10-04T07:33:00,2.5,11.3,124.16,108522,3.9041048430735916,4.6,1,0.5546099891638938,1,0.34571810908311235,1,0.255664693417682,1,0.2670856886260516,1,0.4082682648220892,0,0.30954127494953676,0,0.20285716831996445
111924,04 October 2025 - 12:55 PM,2025-10-04T12:55:00,2.6,13.54,120.65,108561,2.584083035714284,,0,0.11763582397372357,0,0.10891718051528741,0,0.10435576901272366,0,0.030373667544374258,0,0.042893522167324234,0,0.024987683329633508,0,0.028775890592721582
111895,04 October 2025 - 04:50 PM,2025-10-04T16:50:00,2.3,11.04,123.99,108590,3.858658216089462,4.6,1,0.5082907760828684,1,0.3614937138611738,1,0.22484040266899352,1,0.22929204991155172,0,0.3923131748030829,0,0.25033935867272966,0,0.18048885148970636
111885,04 October 2025 - 05:41 PM,2025-10-04T17:41:00,4.6,10.9,123.88,108600,3.771686408730156,4.5,1,0.5575148023085142,1,0.47478848098753795,1,0.23336995984734304,1,0.25099992385222863,1,0.3483245901904428,0,0.2480077801354617,0,0.24835232627902898
111855,04 October 2025 - 08:33 PM,2025-10-04T20:33:00,1.4,11.17,124.03,108630,3.878117045454543,4.5,1,0.5318864957084427,1,0.3566530904997922,1,0.2555293066747193,1,0.264040256775031,0,0.4269984977487,0,0.2670168617398294,0,0.21005292192428168
111828,04 October 2025 - 10:39 PM,2025-10-04T22:39:00,1.8,9.59,126.23,108657,2.91536488095238,,0,0.13478559756018443,0,0.11336633004941327,0,0.08542854810593024,0,0.07340401501950557,0,0.08028518461407494,0,0.03352204136537751,0,0.03818428027105689
111732,05 October 2025 - 06:09 AM,2025-10-05T06:09:00,2.2,11.14,124.16,108753,3.9088356962481914,4.5,1,0.5012038788969424,1,0.3614851494270216,1,0.24366232587702055,1,0.24937079808719378,1,0.3891522192154578,0,0.24200113264382156,0,0.2054338779177533
111728,05 October 2025 - 06:27 AM,2025-10-05T06:27:00,2.8,10.9,123.84,108757,3.6853367063492057,4.5,1,0.5130571254382171,1,0.40308432036527236,1,0.1961536021365781,1,0.24738678887239737,1,0.33419079031493515,0,0.25582475781674247,0,0.19009866172805798
111724,05 October 2025 - 06:47 AM,2025-10-05T06:47:00,1.4,11.17,123.97,108761,3.849853354978353,4.5,1,0.5096448651654862,1,0.3466766261340784,1,0.2485908863148582,1,0.2704147940879369,0,0.3952721399537162,0,0.23045607252287728,0,0.19468280144583694
111715,05 October 2025 - 07:59 AM,2025-10-05T07:59:00,2.4,11.03,123.93,108770,3.638112797619044,4.5,1,0.47001265022802885,1,0.36489927947484846,1,0.2354176813118599,1,0.20705477612851905,0,0.3387621768436961,0,0.19004240317008086,0,0.16606295281550032
111703,05 October 2025 - 09:02 AM,2025-10-05T09:02:00,2.5,10.96,123.9,108782,3.7389928571428546,4.5,1,0.550321955596997,1,0.4431181087031781,1,0.21498708957887444,1,0.2580580982228248,1,0.3377223249626422,0,0.20711821965740956,0,0.20439525553654453
111699,05 October 2025 - 09:25 AM,2025-10-05T09:25:00,2.7,10.88,123.91,108786,3.528341666666666,4.5,1,0.5339304114405405,1,0.40847835292817963,1,0.21663457916843307,1,0.23608007885886592,1,0.31418151423599777,0,0.22789282482692394,0,0.15511804830546314
111662,05 October 2025 - 01:20 PM,2025-10-05T13:20:00,1.4,11.0,124.01,108823,3.8329495851370803,4.3,1,0.5280804818070848,1,0.3440178242088354,1,0.2542651001223299,1,0.23499800691748884,0,0.39025273595919224,0,0.2176046600249398,0,0.16370053530624573
111612,05 October 2025 - 06:47 PM,2025-10-05T18:47:00,2.2,11.18,123.94,108873,3.814402561327558,4.3,1,0.5550291619149867,1,0.3795589107760061,1,0.21823724118792215,1,0.29043068079961165,0,0.3591459906214387,0,0.2392479095418283,0,0.1712824621036026
111592,05 October 2025 - 09:11 PM,2025-10-05T21:11:00,1.9,13.26,120.79,108893,2.8520942460317475,1.4,1,0.363225630913057,1,0.21816821322491406,0,0.21523570058699235,0,0.13666297554904366,0,0.04633255964081177,0,0.0398531727353513,0,0.04672963563953511
111490,06 October 2025 - 10:20 AM,2025-10-06T10:20:00,2.6,11.09,124.07,108995,3.881447041847037,4.2,1,0.47289523324707955,1,0.3640065395522668,1,0.23949667994097482,1,0.25209192252838764,1,0.3768261594335353,0,0.22120472640836766,0,0.19939083068920455
111406,06 October 2025 - 11:30 PM,2025-10-06T23:30:00,2.5,10.93,123.87,109079,3.8103293831168794,4.0,1,0.5582016007053767,1,0.3342274916635416,1,0.22456960553760247,1,0.2851851382971201,1,0.3793637823457172,0,0.24150155736977688,0,0.16186546102089244
111387,07 October 2025 - 12:37 AM,2025-10-07T00:37:00,1.2,11.11,124.03,109098,3.8309400974025927,4.0,1,0.49038299153093773,1,0.3201540785926882,1,0.23919387290855507,1,0.23706789772106568,1,0.39100397729216496,0,0.22194329738578047,0,0.18745131454449365
111369,07 October 2025 - 01:31 AM,2025-10-07T01:31:00,2.2,9.57,122.31,109115,2.871633432539683,,0,0.13796920679669214,0,0.12258177196479095,0,0.12927749637041205,0,0.06110145357369579,0,0.0647663306232567,0,0.020613721976089416,0,0.030875865156837257
111363,07 October 2025 - 02:08 AM,2025-10-07T02:08:00,2.4,10.91,123.91,109122,3.5406122564935045,4.0,1,0.4889839562748711,1,0.33716158330147983,1,0.20210724665056656,1,0.22842794078552436,1,0.3430227174608542,0,0.20166836147611228,0,0.15398925242293282
111357,07 October 2025 - 02:34 AM,2025-10-07T02:34:00,2.1,11.04,123.83,109128,3.8079411886724346,4.0,1,0.5637824272612295,1,0.3220849788332302,1,0.22619747424054837,1,0.2915141069386021,1,0.3951654323012778,0,0.2648495768532026,0,0.16692702429404632
111189,08 October 2025 - 02:02 AM,2025-10-08T02:02:00,2.3,10.9,123.87,109296,3.4227379329004317,3.9,1,0.41839929001490617,1,0.2843127492916653,1,0.20665396348389942,1,0.19472761028692942,1,0.2211166951750334,0,0.1522084115697816,0,0.12139269348533827
111177,08 October 2025 - 03:00 AM,2025-10-08T03:00:00,2.5,10.9,123.86,109308,3.426451028138528,3.9,1,0.41682000550011883,1,0.28077938975078814,1,0.2039408228787718,1,0.1959957772630819,1,0.21478998586864473,0,0.15161370784443426,0,0.12341590900086363
111161,08 October 2025 - 04:14 AM,2025-10-08T04:14:00,2.4,12.45,121.13,109324,2.988236309523812,,0,0.17184431361037988,0,0.13346728993932844,0,0.1547004792053046,0,0.027535052338619623,0,0.031838541041551836,0,0.025674012647762364,0,0.009330876025540731
111030,09 October 2025 - 04:06 AM,2025-10-09T04:06:00,1.3,11.03,124.04,109455,3.5849404761904764,4.0,1,0.4438481307033053,1,0.26612515850552215,1,0.22374153011122513,1,0.19239525460114362,0,0.26360686033315794,0,0.16851489143467863,0,0.17716825089202018
110975,09 October 2025 - 05:01 PM,2025-10-09T17:01:00,2.2,11.06,123.94,109510,3.5287315476190484,4.0,1,0.4303405781762435,1,0.2548417943104711,1,0.23184760112866493,1,0.23183913602002146,0,0.26582723053751023,0,0.224039562656536,0,0.1747393678533305
110931,10 October 2025 - 02:54 AM,2025-10-10T02:54:00,2.0,11.15,124.15,109554,3.562768055555555,3.2,1,0.41944603742617714,1,0.29917723352647685,1,0.20882187881252925,1,0.19960164514936193,1,0.25981908583898056,0,0.21677001030269527,0,0.18095877044047487
110892,10 October 2025 - 10:18 AM,2025-10-10T10:18:00,2.0,7.12,126.9,109593,5.548826091269823,6.8,1,0.7242550968378467,1,0.4390985801159733,1,0.5780186902730845,1,0.706546266242324,1,0.6825981674658611,1,0.5371746145478764,1,0.6235234453944382
110794,10 October 2025 - 05:06 PM,2025-10-10T17:06:00,4.8,7.25,127.22,109693,5.662261904761883,6.8,1,0.8476356109678663,1,0.3637493066532987,1,0.5810340595178258,1,0.7935095115327441,1,0.7462990924576741,1,0.6783821721529878,1,0.6690589605467048
110734,10 October 2025 - 07:34 PM,2025-10-10T19:34:00,3.2,7.01,127.01,109751,5.602008035714269,5.5,1,0.7362786508760588,1,0.46170496817581513,1,0.6053819120931564,1,0.7309812675443774,1,0.6907853406201095,1,0.5389911176133015,1,0.6660105023738351
110630,11 October 2025 - 12:17 AM,2025-10-11T00:17:00,2.0,7.43,126.52,109853,5.644907738095222,6.0,1,0.7974492071052666,1,0.301189516311858,1,0.401887683457894,1,0.7093444743102815,1,0.7773510524549044,1,0.7139322129678226,1,0.5728758694933083
110516,11 October 2025 - 04:40 AM,2025-10-11T04:40:00,4.0,7.09,127.04,109969,5.668128472222205,6.0,1,0.7579262003209455,1,0.5474135142342607,1,0.6596491610618115,1,0.7333836963453991,1,0.7037845555672176,1,0.5617986299674931,1,0.6132908179557142
110486,11 October 2025 - 06:35 AM,2025-10-11T06:35:00,3.5,6.63,126.98,109998,5.530097619047604,6.0,1,0.8161390958162135,0,0.3130280135085179,1,0.49435691552790345,1,0.783763078890304,1,0.7852979093866803,1,0.6853805843883062,1,0.6222544116524379
110454,11 October 2025 - 10:02 AM,2025-10-11T10:02:00,3.4,7.42,126.93,110031,5.172378373015861,6.0,1,0.7365311229335033,1,0.468563635122748,1,0.5582264510393748,1,0.6352740803785083,1,0.625280552034962,1,0.5317554446826278,1,0.49693122034034376
110444,11 October 2025 - 11:20 AM,2025-10-11T11:20:00,2.9,7.14,126.77,110041,5.126633432539668,6.0,1,0.6998143986234564,1,0.4953868526200044,1,0.5547403860891454,1,0.6415326589136906,1,0.6218304710080993,1,0.5309160883031234,1,0.45780312433414705
110399,11 October 2025 - 03:06 PM,2025-10-11T15:06:00,2.5,7.1,127.14,110086,5.095179563492054,6.0,1,0.6674058550485081,1,0.39018576654288856,1,0.5144970055436007,1,0.5471918020467096,1,0.5309028685272437,1,0.429656756925662,1,0.39389247969564123
110344,11 October 2025 - 07:59 PM,2025-10-11T19:59:00,3.6,6.82,127.13,110141,5.104883333333322,6.0,1,0.6545987617917226,1,0.3499639199310937,1,0.3102414908125822,1,0.3805215728800797,1,0.5096049555107297,1,0.5134113191573155,1,0.4654725413378461
110255,12 October 2025 - 01:56 AM,2025-10-12T01:56:00,1.7,7.21,126.89,110229,5.026327976190462,4.8,1,0.47220640782767553,1,0.3273488199936757,1,0.2561451601237461,1,0.2603733077055313,1,0.33026789694459874,1,0.3838233780513976,1,0.32332493870997203
110242,12 October 2025 - 02:38 AM,2025-10-12T02:38:00,3.5,6.97,126.81,110243,4.954827380952368,4.8,1,0.5807954845629364,0,0.331159351935776,1,0.303599103026123,1,0.3715682055073939,1,0.44625343611966245,1,0.4681044319797689,1,0.3841952398470518
110217,12 October 2025 - 04:07 AM,2025-10-12T04:07:00,2.2,11.09,124.01,110268,3.574990476190475,5.8,1,0.4430403905931006,1,0.25633650773131267,1,0.22455994803029541,1,0.21309448716892046,1,0.25874826499020587,0,0.21115844550425425,0,0.178791925307851
110207,12 October 2025 - 04:40 AM,2025-10-12T04:40:00,2.1,7.14,126.81,110278,4.966542857142843,4.8,1,0.5100247057702216,1,0.30556785929293084,1,0.2749623530904451,1,0.26180761160613486,1,0.32810361614163264,1,0.32168617666085825,1,0.30095194689989946
110203,12 October 2025 - 05:03 AM,2025-10-12T05:03:00,2.7,7.28,127.42,110282,4.9518247023809385,4.8,1,0.681940331720703,1,0.2717749558744168,1,0.33822532722391346,1,0.4481795390061754,1,0.5418036735720814,1,0.526274643381714,1,0.41073405682845127
110174,12 October 2025 - 08:03 AM,2025-10-12T08:03:00,2.8,11.01,124.11,110311,3.5898558531746017,5.8,1,0.42758650752992655,1,0.25113644035323496,1,0.22253024420321504,1,0.20666224993955115,1,0.2715844135510723,0,0.22643189681026576,0,0.18816604752323676
110168,12 October 2025 - 08:47 AM,2025-10-12T08:47:00,2.9,7.37,127.04,110317,5.074261904761888,4.5,1,0.5647861931532856,1,0.35143779115216167,1,0.3001014243681037,1,0.32742956453397654,1,0.394379553776175,1,0.4484184952481221,1,0.3767940311132969
110167,12 October 2025 - 08:59 AM,2025-10-12T08:59:00,2.2,11.12,124.07,110318,3.609716865079363,5.8,1,0.42521392096191546,1,0.27513091508196497,1,0.22676286120955055,1,0.2084170047115685,1,0.26831931080912813,0,0.21514938712468973,0,0.20033626924727999
110151,12 October 2025 - 01:24 PM,2025-10-12T13:24:00,1.9,10.51,123.1,110334,2.878389087301589,,0,0.18036548559266058,0,0.14868196664753616,0,0.12980612549446763,0,0.06215995158528053,0,0.03344162001025943,0,0.05236282322574523,0,0.03558459284603829
110096,12 October 2025 - 08:39 PM,2025-10-12T20:39:00,3.5,10.9,123.88,110389,3.2656143849206343,5.8,1,0.4109634150917455,1,0.26401509490702557,1,0.2100152504120169,1,0.20380368423522482,1,0.2201437168423902,0,0.16972941380782922,0,0.13921030216488228
110022,13 October 2025 - 02:38 AM,2025-10-13T02:38:00,1.5,11.13,123.99,110463,3.750535019841271,4.3,1,0.5271570052156248,1,0.33802973746885245,1,0.2990712825815131,1,0.28213977698711334,1,0.3007117829195034,0,0.17948903016635093,0,0.21528078028090356
109980,13 October 2025 - 06:03 AM,2025-10-13T06:03:00,1.5,11.12,124.01,110505,3.6970891865079367,3.3,1,0.5038980934376706,1,0.35327211448321927,1,0.2872145719699391,1,0.2708383854790115,0,0.28194020342894943,0,0.16946367807571755,0,0.20146250138290595
109965,13 October 2025 - 08:32 AM,2025-10-13T08:32:00,2.0,11.12,124.08,110520,3.5894120039682527,3.8,1,0.4475726838688771,1,0.2963448947303061,1,0.27057964039180027,1,0.2403878209927877,0,0.29390741841564894,0,0.1899408092234711,0,0.17528365859958153
109795,14 October 2025 - 02:41 AM,2025-10-14T02:41:00,2.0,7.13,127.1,110690,4.922384523809511,5.6,1,0.5078614076424321,1,0.285416919367218,1,0.28925892655156327,1,0.3108471869240149,1,0.3973347214950172,1,0.37588246728472413,1,0.2938564397910017
109783,14 October 2025 - 03:26 AM,2025-10-14T03:26:00,2.2,10.86,123.93,110702,3.5500356150793624,3.9,1,0.4884432363872634,1,0.2992186508110266,1,0.20458098458261195,1,0.18956131855233374,1,0.27198572819799854,0,0.19677344387560564,0,0.20101847822069227
109746,14 October 2025 - 08:03 AM,2025-10-14T08:03:00,2.4,6.41,126.77,110739,4.637650595238088,5.6,1,0.6178942743921313,0,0.22411905292735956,0,0.25305181585922387,1,0.3992645803012999,1,0.5089415215251641,1,0.5140767436926862,1,0.32297703971062675
109736,14 October 2025 - 09:48 AM,2025-10-14T09:48:00,2.0,7.21,126.54,110749,4.868609523809515,5.6,1,0.6148646126984134,1,0.30686838921510406,1,0.27221772306581676,1,0.3499326174174663,1,0.48322083378464825,1,0.4489776947981503,1,0.2763374071046869
109733,14 October 2025 - 10:00 AM,2025-10-14T10:00:00,5.6,7.47,127.05,110752,4.913943253968244,5.0,1,0.6126933336426605,1,0.36767812725299237,1,0.28711328278104475,1,0.38218520759404645,1,0.48002957444751515,1,0.4671261614820041,1,0.32618886619920917
109705,14 October 2025 - 01:39 PM,2025-10-14T13:39:00,2.7,11.12,124.16,110780,3.5865249007936506,3.6,1,0.43554917358097733,1,0.26849668780492986,1,0.22643875570193192,1,0.2085146865995884,0,0.2869309799172936,0,0.22221301290513057,0,0.17057468775204676
109704,14 October 2025 - 01:44 PM,2025-10-14T13:44:00,1.9,10.99,124.1,110781,3.537302876984128,3.6,1,0.44032991801211024,1,0.24051956189731785,1,0.24934860975608267,1,0.20833472643167877,0,0.26229168369607647,0,0.19114732490936054,0,0.16387179594187512
109662,14 October 2025 - 08:46 PM,2025-10-14T20:46:00,2.0,11.01,123.98,110823,3.586656150793648,4.5,1,0.4323144353044318,1,0.27006378398314695,1,0.22204926604834774,1,0.19864670797928735,0,0.2633077813963613,0,0.187530211705342,0,0.1642236277711924
109660,14 October 2025 - 08:51 PM,2025-10-14T20:51:00,2.3,7.34,126.7,110825,4.909883333333323,5.0,1,0.6067593782096,1,0.35475424806325945,1,0.2613153791853445,1,0.36454517040937967,1,0.447063522940479,1,0.436091946847681,1,0.257045588329978
109578,15 October 2025 - 06:05 AM,2025-10-15T06:05:00,2.4,7.25,126.79,110907,4.889984343434332,4.5,1,0.49624018328283337,1,0.310736568644088,1,0.25902897050735146,1,0.2664205054108,1,0.29643514117366565,1,0.28788075645100714,1,0.2747790734849071
109577,15 October 2025 - 06:27 AM,2025-10-15T06:27:00,2.1,11.14,124.07,110908,3.616743353174601,4.5,1,0.43050828891759857,1,0.25847611490039485,1,0.20756048315922596,1,0.20028968758983712,1,0.28410490952607903,0,0.2074520093445618,0,0.175742748054508
109553,15 October 2025 - 11:45 AM,2025-10-15T11:45:00,1.3,13.59,120.62,110932,2.609395238095236,,0,0.14234616671841482,0,0.13498978607443107,0,0.11868737588227121,0,0.029015463456476872,0,0.05167185035592293,0,0.031689593464848606,0,0.02869711176531918
109545,15 October 2025 - 01:32 PM,2025-10-15T13:32:00,1.5,10.91,123.89,110940,3.5170320436507883,4.5,1,0.46387036876643317,1,0.305672721850897,1,0.21596873174280945,1,0.20745934568676114,1,0.2535919676456033,0,0.1947028587907882,0,0.16161231256341985
109517,15 October 2025 - 05:55 PM,2025-10-15T17:55:00,1.7,11.03,124.09,110968,3.6252643849206323,3.7,1,0.39641208865321154,1,0.2620488077854955,1,0.233897580353624,1,0.19715555263229023,1,0.2791006404246828,0,0.19892110027925342,0,0.185167991351776
109494,15 October 2025 - 09:07 PM,2025-10-15T21:07:00,1.5,11.14,123.18,110991,2.951569047619046,,0,0.12964698001780292,0,0.09985618728153625,0,0.11154107558276846,0,0.11267822945534098,0,0.06186711654398823,0,0.0703500722287105,0,0.05304630398179646
109398,16 October 2025 - 09:19 AM,2025-10-16T09:19:00,2.5,7.21,126.74,111087,4.8081053571428445,4.7,1,0.5106635298027388,0,0.28498822107736144,1,0.2669350300474086,1,0.3273794217966952,1,0.3982101113572416,1,0.38879042793890006,0,0.2675668344216205
109274,17 October 2025 - 07:23 AM,2025-10-17T07:23:00,3.1,11.1,124.13,111211,3.6304576388888883,3.3,1,0.404045705573809,1,0.2771994975024104,1,0.22353566208086095,1,0.21296638115977132,0,0.2942367112868257,0,0.22207239200583193,0,0.1684120804138853
109132,17 October 2025 - 06:54 PM,2025-10-17T18:54:00,2.3,18.88,120.46,111353,3.2974314484127003,3.6,1,0.5313963910852592,1,0.33237520433639,1,0.4053311145687801,1,0.14312217161449198,1,0.264072460827913,0,0.057424360499516984,0,0.013967402342733389
109011,18 October 2025 - 04:00 AM,2025-10-18T04:00:00,3.6,18.66,120.54,111474,3.0659798611111113,3.0,1,0.4779583651346298,1,0.2783363301635216,1,0.309606491993846,1,0.1691099863588638,0,0.10177327630707628,0,0.08005118942883493,0,0.0337742451247645
109001,18 October 2025 - 05:10 AM,2025-10-18T05:10:00,2.0,9.62,126.26,111484,3.2925223214285713,3.5,1,0.6429693322411998,1,0.49623840576649053,1,0.4822414833695066,1,0.31628442204846424,0,0.2723983947678185,0,0.12501264833717524,0,0.09474143716980636
108975,18 October 2025 - 11:02 AM,2025-10-18T11:02:00,2.6,11.26,124.09,111510,3.480460416666668,4.1,1,0.419939333663766,1,0.2394010253300164,1,0.2450347469232662,1,0.225476003249884,0,0.282763463845029,0,0.19932658512132748,0,0.16005324964012518
108922,18 October 2025 - 10:38 PM,2025-10-18T22:38:00,2.3,9.68,126.15,111563,3.3370636904761906,3.3,1,0.42820832478196075,1,0.31470690392610856,1,0.30088247979078786,0,0.24975719470447819,0,0.2160667541587668,0,0.1967177661481575,0,0.13956092167298353
108884,19 October 2025 - 02:30 AM,2025-10-19T02:30:00,2.3,8.97,126.23,111601,3.438772619047615,5.2,1,0.5645647538224982,1,0.2866879930953662,1,0.3240619549951819,1,0.3987252662189502,0,0.2448186362309919,1,0.15437344919403231,1,0.11643486579806785
108791,19 October 2025 - 07:08 PM,2025-10-19T19:08:00,2.0,15.46,121.38,111694,2.881613690476192,,0,0.11879349707961245,0,0.0837929564029241,0,0.11719708589057257,0,0.0799760783730263,0,0.04426407737212382,0,0.06863018160880706,0,0.03358463647574007
108790,19 October 2025 - 07:13 PM,2025-10-19T19:13:00,2.9,10.97,123.91,111695,3.517673674242422,3.5,1,0.44281648009508356,1,0.31962544752096167,1,0.2057528071598422,1,0.21743504357354004,0,0.27960481366246315,0,0.18269240452530977,0,0.1527790194186181
108788,19 October 2025 - 07:20 PM,2025-10-19T19:20:00,1.8,8.85,126.23,111697,3.3470048611111145,4.1,1,0.518974367257006,1,0.24880749754876993,1,0.36701955386175905,1,0.23089770091720865,0,0.19931798059346317,1,0.10761773529431803,1,0.05539440935975454
108777,19 October 2025 - 09:12 PM,2025-10-19T21:12:00,2.0,8.92,126.25,111708,3.3418682539682583,5.7,1,0.4669368246201995,0,0.21579391580143623,1,0.24076280609025896,1,0.1794570333479292,0,0.18692175991237417,1,0.12234241925891576,1,0.10911518127472222
108756,19 October 2025 - 11:26 PM,2025-10-19T23:26:00,1.8,7.86,123.16,111728,2.9838261904761882,,0,0.14165172206989246,0,0.06794546094164558,0,0.11988978506771965,0,0.07411247932765799,0,0.04405289214237822,0,0.09987911906834852,0,0.062014393249972856
108718,20 October 2025 - 03:01 AM,2025-10-20T03:01:00,1.7,11.09,124.09,111767,3.577942162698412,3.5,1,0.3977682998285723,1,0.24116970949557484,1,0.22273656619823146,1,0.21281336395852143,0,0.2600897007308687,0,0.196592090050624,0,0.17405281609436904
108667,20 October 2025 - 09:09 AM,2025-10-20T09:09:00,2.2,10.09,122.47,111818,2.943860714285714,,0,0.11806107453103999,0,0.08534812878146748,0,0.09672103915986327,0,0.07184382741752096,0,0.038148408733908276,0,0.040912398860144916,0,0.035449531220655875
108644,20 October 2025 - 02:02 PM,2025-10-20T14:02:00,2.7,7.05,126.97,111841,4.049418154761903,5.7,1,0.4096807848781354,1,0.29888887624337224,1,0.21366065125959188,1,0.23807375986041798,1,0.2752800749113932,1,0.23488834233367917,1,0.13570974246300233
108596,20 October 2025 - 11:05 PM,2025-10-20T23:05:00,2.7,8.91,126.36,111889,3.3623787698412717,4.3,1,0.4203420554740836,1,0.2431635995283127,1,0.240629770456085,1,0.16553305260572923,0,0.1625684382073495,1,0.11468935267574125,1,0.08969002285171739
108527,21 October 2025 - 08:03 AM,2025-10-21T08:03:00,2.5,9.39,125.4,111958,2.791588492063491,,0,0.13287944525059925,0,0.10541833069387939,0,0.11782271251368556,0,0.04631436230416153,0,0.03903472232939759,0,0.09530869934223282,0,0.04042010513785122
108474,22 October 2025 - 12:19 AM,2025-10-22T00:19:00,1.8,11.1,124.13,112011,3.6332308531746036,3.3,1,0.3710172784900546,1,0.2646140715363546,1,0.2196458403517227,1,0.2314127360997943,0,0.25883803470695993,0,0.19811162355692288,0,0.17342519745189525
108468,22 October 2025 - 12:41 AM,2025-10-22T00:41:00,1.8,11.11,124.12,112016,3.617324900793651,3.3,1,0.3744636613224426,1,0.2524279476809282,1,0.22761778057922524,1,0.2191955725487168,0,0.25698507343232735,0,0.19046120255533394,0,0.1711069092011253
108462,22 October 2025 - 01:21 AM,2025-10-22T01:21:00,2.8,9.64,126.31,112023,3.317441369047622,2.5,1,0.4242872015356849,1,0.25722972840659347,1,0.2623227817238852,1,0.20062748593801774,0,0.19345534401967826,0,0.1506079292907353,0,0.12555295266678448
108403,22 October 2025 - 04:32 PM,2025-10-22T16:32:00,2.3,11.03,124.09,112082,3.5802504960317436,3.0,1,0.42249910084607606,1,0.2717520234838496,1,0.2595102888170198,1,0.2122683645506989,0,0.23411512117334568,0,0.2025121584642611,0,0.17882143337316234
108361,23 October 2025 - 01:44 AM,2025-10-23T01:44:00,1.7,11.21,123.97,112124,3.401146726190476,3.2,1,0.42070903088176786,1,0.25825592188261176,1,0.2400940896871541,1,0.23965233518850632,0,0.2661721250963956,0,0.20755530397420432,0,0.17416508623193344
108359,23 October 2025 - 01:50 AM,2025-10-23T01:50:00,2.4,11.14,124.08,112126,3.5698725198412675,3.2,1,0.4189335938990475,1,0.24943580270714638,1,0.2600466268440609,1,0.22230183081362576,0,0.23476879536113626,0,0.20965736854265862,0,0.18580382922743396
108320,23 October 2025 - 11:11 AM,2025-10-23T11:11:00,1.5,11.09,124.02,112165,3.4274372023809496,3.4,1,0.4175015706617955,1,0.2559456165506214,1,0.258064491412418,1,0.2168124459712989,0,0.2347332895473676,0,0.19557611172122655,0,0.17651885665936193
108307,23 October 2025 - 04:56 PM,2025-10-23T16:56:00,2.3,7.25,126.59,112178,4.010953869047616,4.5,1,0.5348948698830003,1,0.2479004173452239,1,0.24008078214654294,1,0.276464069839423,1,0.3482891638209864,1,0.2957546562697759,0,0.19153235304870972
108224,24 October 2025 - 11:50 AM,2025-10-24T11:50:00,2.7,7.14,127.16,112261,4.1444053571428565,4.8,1,0.48740367949797025,0,0.23562680367264466,1,0.21788109354734383,1,0.22792699663089078,1,0.32974176962409507,1,0.2988087578142601,1,0.17427151060153923
108176,24 October 2025 - 11:18 PM,2025-10-24T23:18:00,2.1,11.0,123.99,112310,3.621011309523808,3.7,1,0.42396938889725916,1,0.33856927251037094,1,0.22943037081491435,1,0.23935700919776937,0,0.25983687309874026,0,0.19083853039806095,0,0.19638049894921153
108117,25 October 2025 - 08:13 AM,2025-10-25T08:13:00,2.8,9.66,126.26,112368,3.2183717261904747,3.0,1,0.33906469809750683,1,0.2981162017125936,1,0.2542474656637614,0,0.20105180778098977,0,0.1681896502901483,0,0.18059025771910087,0,0.12619564710021391
108115,25 October 2025 - 08:43 AM,2025-10-25T08:43:00,3.1,7.43,126.66,112370,4.021754816017311,4.9,1,0.5354198249100129,0,0.22810422273441952,1,0.21384253766836847,1,0.27267969306781614,1,0.35290160306265705,1,0.3127996713585994,0,0.19871483924685635
108113,25 October 2025 - 10:42 AM,2025-10-25T10:42:00,1.9,7.2,126.67,112372,4.04033517316017,4.9,1,0.49764723321534504,0,0.23560582068196695,1,0.20410909689060983,1,0.25762277473688683,1,0.37567594008210503,1,0.2932083446593676,0,0.19831490396705145
108090,25 October 2025 - 07:02 PM,2025-10-25T19:02:00,2.3,11.07,123.96,112394,3.4000176587301594,3.2,1,0.39732361500694374,1,0.24942213039823835,1,0.2274329645605745,1,0.22277928942639982,0,0.24559238608881362,0,0.18972107609099054,0,0.16852183231211054
108047,26 October 2025 - 01:44 AM,2025-10-26T01:44:00,2.8,9.67,122.14,112438,3.079298015873018,,0,0.16567492684922983,0,0.1333878132779548,0,0.14771327285358443,0,0.09511786501896864,0,0.08639694350714555,0,0.05295311783404378,0,0.047152251313027575
108034,26 October 2025 - 04:36 AM,2025-10-26T04:36:00,1.9,11.21,124.03,112451,3.3766124999999976,3.2,1,0.4059400976891622,1,0.24176752306542554,1,0.26707358559692973,1,0.21715931917968218,0,0.23588691707847376,0,0.2033204749508239,0,0.15767534714908377
108032,26 October 2025 - 04:51 AM,2025-10-26T04:51:00,2.1,11.01,123.95,112453,3.19673869047619,3.2,1,0.39695222491242177,1,0.25852261836579327,1,0.22490621302097671,1,0.198546218783592,0,0.22588359559979537,0,0.18776249234305906,0,0.13507395798736482
107955,26 October 2025 - 09:28 PM,2025-10-26T21:28:00,2.4,7.35,127.08,112530,4.165508333333331,3.6,1,0.4551182365361351,1,0.2526249343495668,1,0.24767710233485293,1,0.2689032751707933,1,0.3466984122254901,1,0.2938610742266185,0,0.18677836568596096
107921,27 October 2025 - 04:21 AM,2025-10-27T04:21:00,2.5,7.39,126.84,112564,4.1109193993506485,3.4,1,0.46022727687580395,1,0.25469864153737026,1,0.25069067516169463,1,0.24821481127632747,1,0.3632808559231362,1,0.2765242758391799,0,0.20833752218008872
107918,27 October 2025 - 05:26 AM,2025-10-27T05:26:00,2.9,7.21,126.96,112567,4.142913392857136,3.1,1,0.40004439196509856,1,0.2718892508028483,1,0.24565252962718387,1,0.24922069152384385,1,0.3162233152114767,1,0.27589035174991033,0,0.1693003585811232
107907,27 October 2025 - 09:08 AM,2025-10-27T09:08:00,4.2,8.98,126.31,112578,3.135386904761902,2.5,1,0.2573795424885179,0,0.2192059467581863,0,0.1857576960197558,1,0.16460192555359274,0,0.16501552976305342,0,0.07781720378635702,0,0.07322995608889515
107883,27 October 2025 - 02:27 PM,2025-10-27T14:27:00,2.2,7.22,126.76,112602,4.115791666666662,3.0,1,0.4564285754596949,0,0.2722833011191437,1,0.24118817551367513,1,0.2397623921733042,1,0.3416585681288142,1,0.2788699297903304,0,0.184160621533834
107840,27 October 2025 - 11:19 PM,2025-10-27T23:19:00,2.0,11.38,124.31,112645,3.551582440476194,3.0,1,0.4491289597860876,0,0.22370941680566026,1,0.24282112325703906,1,0.26308027648901783,1,0.29556068503444083,0,0.25170742705295823,0,0.1634555290274902
107694,29 October 2025 - 05:07 PM,2025-10-29T17:07:00,2.4,7.06,127.02,112791,4.185352678571425,3.4,1,0.3398966529234418,1,0.26687554445986894,1,0.22769034928173273,1,0.2257216695531649,1,0.27637507402360184,0,0.22377047878303138,1,0.15014598623310868
107654,30 October 2025 - 01:18 AM,2025-10-30T01:18:00,2.0,10.9,123.83,112831,3.501631547619047,3.3,1,0.39613312709155907,1,0.3184345934116989,1,0.212605903782726,1,0.2048152609271677,0,0.23445412635169927,0,0.17942150308640664,0,0.1667088567636633
107640,30 October 2025 - 03:39 AM,2025-10-30T03:39:00,2.3,8.94,126.48,112845,3.1963999999999984,3.9,1,0.33612522815294027,1,0.26046819169402324,0,0.23915823734524586,0,0.16064125288254008,0,0.16675100429082826,1,0.14384329001666132,1,0.10172145469170024
107635,30 October 2025 - 04:46 AM,2025-10-30T04:46:00,2.6,7.16,126.63,112850,3.9873452380952377,3.9,1,0.4799944101468004,0,0.2662869644878152,1,0.22007005678344754,1,0.2670427130167563,1,0.369842704623437,0,0.29451041770850966,1,0.21045112006173755
107633,30 October 2025 - 05:28 AM,2025-10-30T05:28:00,2.2,12.47,124.62,112852,2.915581349206351,,0,0.15123461818574835,0,0.14423050432305368,0,0.11073805269477732,0,0.08559942406745653,0,0.06061506919662337,0,0.04118799025420894,0,0.0426741043797688
107581,30 October 2025 - 08:13 PM,2025-10-30T20:13:00,2.5,11.11,124.1,112904,3.5956080357142843,3.2,1,0.4123517768001278,1,0.2578771240425992,1,0.2358170385870577,1,0.19732553511542672,0,0.2302356285260464,0,0.2075738899566943,0,0.17646290431262007
107568,30 October 2025 - 09:57 PM,2025-10-30T21:57:00,3.9,7.17,127.21,112917,4.074609226190474,3.7,1,0.4655842148586188,1,0.27029304038832896,1,0.2115283254699452,1,0.28075990300180237,1,0.3614273261770654,1,0.33721138482882596,1,0.21755668176011422
107511,31 October 2025 - 10:27 AM,2025-10-31T10:27:00,2.3,11.2,123.94,112974,3.3577568452380935,3.2,1,0.3799090311833547,1,0.22032736605516332,1,0.3002244534318079,1,0.22631565652203472,0,0.19110525985991222,0,0.1996106161305885,0,0.13930115282988587
107468,31 October 2025 - 11:20 PM,2025-10-31T23:20:00,1.6,11.08,124.12,113017,3.4116477182539664,3.5,1,0.3483191386663544,1,0.2845747122158179,1,0.2435905052115321,1,0.20643238493173668,0,0.18158637101178637,0,0.2137534243057238,0,0.15879936712508347
114690,01 November 2025 - 01:39 AM,2025-11-01T01:39:00,3.1,11.06,123.99,113040,3.3491532738095238,3.5,1,0.3713611408022588,1,0.25553312070953416,1,0.2657528320898144,1,0.2233404806861974,0,0.18679708325118358,0,0.22082061836877506,0,0.17078390980398706
114588,02 November 2025 - 02:07 AM,2025-11-02T02:07:00,1.6,11.14,124.02,113142,3.3346749007936514,3.3,1,0.36200366170820714,1,0.270909408641356,1,0.2642725566447323,1,0.22691348573542172,0,0.1861519582856952,0,0.21165124878103625,0,0.15936135649303193
114568,02 November 2025 - 05:21 AM,2025-11-02T05:21:00,2.3,7.35,126.77,113162,4.0918601190476185,3.7,1,0.4740833058538017,0,0.23446399319931843,1,0.23440178808070858,1,0.24982922058981014,1,0.3589306713821089,0,0.2920462548542513,0,0.1979908112800484
114527,02 November 2025 - 07:45 PM,2025-11-02T19:45:00,1.6,11.18,124.06,113203,3.3415171626984117,2.9,1,0.3780783926675604,1,0.2621675297437742,1,0.29088886326228525,1,0.21075791258475868,0,0.19027318635164137,0,0.20035068311144003,0,0.14999050963686195
114473,03 November 2025 - 12:22 PM,2025-11-03T12:22:00,4.8,4.93,125.54,113257,3.555241666666669,4.1,1,0.548858670318305,0,0.21852607461788334,1,0.3481000450206951,1,0.21604900773590452,1,0.3317684580498672,0,0.16245417456463165,0,0.17754204920762703
114470,03 November 2025 - 12:54 PM,2025-11-03T12:54:00,2.7,5.06,125.34,113260,3.737443154761908,4.1,1,0.5940947397188657,0,0.18845271427289642,1,0.3008192979467886,1,0.2636452758436844,0,0.3980334454077789,0,0.21262558836740164,0,0.11893388477732274
114439,04 November 2025 - 06:54 AM,2025-11-04T06:54:00,2.0,9.75,123.7,113291,2.9275934523809513,,0,0.12302215710382733,0,0.12161993986301636,0,0.14379686668766503,0,0.0844754014269229,0,0.06126705878273325,0,0.08081634956743881,0,0.04389827535785038
114434,04 November 2025 - 11:44 AM,2025-11-04T11:44:00,2.0,13.66,120.87,113296,2.7289119047619037,,0,0.11858320911141311,0,0.08155277705243284,0,0.10943049385511942,0,0.03346270576905737,0,0.053167849796255336,0,0.05023131148833634,0,0.03132714395692546
114395,05 November 2025 - 06:46 AM,2025-11-05T06:46:00,2.7,14.65,119.72,113335,2.6564605158730172,,0,0.09974840886158898,0,0.09477465073046533,0,0.055319312237027185,0,0.022325950510308713,0,0.030981012555912138,0,0.027357488157698118,0,0.007135323780514496
114382,05 November 2025 - 06:12 PM,2025-11-05T18:12:00,2.3,9.08,126.61,113348,2.9700011904761885,,0,0.22193711662586113,0,0.1369911920702003,0,0.13635933884990645,0,0.08634348060598286,0,0.10046175964822006,0,0.08871420836437002,0,0.0688085448038496
114352,06 November 2025 - 10:11 AM,2025-11-06T10:11:00,2.7,8.51,122.55,113378,3.06400148809524,,0,0.14027670820840638,0,0.12798410639697763,0,0.1429857720032387,0,0.09034118722644834,0,0.05780981223077859,0,0.04625755853248969,0,0.04095302400910691
114316,07 November 2025 - 01:23 AM,2025-11-07T01:23:00,2.5,14.95,120.05,113414,2.6607010912698406,,0,0.18165764900457315,0,0.13261335562958299,0,0.15493370231281373,0,0.028421162658637537,0,0.041342682383449736,0,0.03718137773375939,0,0.04333589522483238
114238,08 November 2025 - 01:41 AM,2025-11-08T01:41:00,1.8,10.53,125.31,113492,2.8701631944444457,,0,0.12302816987989246,0,0.1047498572920355,0,0.13682574454839652,0,0.1161636513827678,0,0.07107967310922553,0,0.051774673616984596,0,0.0574386279112489
114150,10 November 2025 - 03:16 PM,2025-11-10T15:16:00,2.4,6.19,126.26,113580,2.8710645833333337,,0,0.1262988187470071,0,0.06483190533602681,0,0.11854205744598775,0,0.05303183773095834,0,0.05823405248778537,0,0.07049015545187892,0,0.0405537669306678
114142,10 November 2025 - 07:37 PM,2025-11-10T19:37:00,2.5,11.04,124.09,113588,3.37377619047619,3.4,1,0.3385077092843432,1,0.2883766388203582,1,0.2726620467112639,1,0.19543976643715422,0,0.20108895962950718,0,0.2155163570545698,0,0.15053322014558848
114137,11 November 2025 - 01:16 AM,2025-11-11T01:16:00,2.2,13.54,120.6,113593,2.5678518759018782,,0,0.20587264682962803,0,0.2030628426534302,0,0.159275537511206,0,0.07214573186793176,0,0.056221561420190996,0,0.05194795996485728,0,0.05985680938450545
114000,13 November 2025 - 04:27 AM,2025-11-13T04:27:00,2.4,18.08,121.33,113730,2.8334922619047633,,0,0.07453573952348433,0,0.06179638030055961,0,0.062098864709711245,0,0.0838300935361746,0,0.02181174375061003,0,0.015768023194219594,0,0.02430376789637234
113931,14 November 2025 - 04:23 AM,2025-11-14T04:23:00,1.6,11.29,124.12,113798,3.3375790674603176,3.4,1,0.3959536590818772,0,0.2068189139907985,1,0.2672799753940166,1,0.18837149340105314,0,0.20967101161567359,0,0.20580016441895208,0,0.132366583173113
113860,15 November 2025 - 08:03 AM,2025-11-15T08:03:00,3.1,10.94,123.98,113870,3.0276514430014454,4.7,1,0.3189785296776974,1,0.2291323740569643,1,0.21937467054433796,1,0.1459568925614532,0,0.14051877759737486,0,0.1593382840706063,0,0.07677884589922805
113724,17 November 2025 - 03:39 PM,2025-11-17T15:39:00,2.3,15.4,119.71,114006,2.9597724206349194,,0,0.12356992004466552,0,0.08385798739736852,0,0.11270894783297311,0,0.10517355762896882,0,0.06083619514741928,0,0.025061603883961996,0,0.02604105025862415
113591,19 November 2025 - 05:41 PM,2025-11-19T17:41:00,2.4,6.89,124.98,114139,2.818471230158731,,0,0.18304440908906336,0,0.13702557319479017,0,0.16453096019168034,0,0.07023327983613985,0,0.0658596791010646,0,0.06869645117016353,0,0.04264010144253492
113587,19 November 2025 - 06:54 PM,2025-11-19T18:54:00,2.3,10.98,123.92,114143,3.034479419191919,,0,0.24807814388148838,0,0.20977333748680743,0,0.21328146762112932,0,0.1499209626511134,0,0.08102739427326178,0,0.0613016130157674,0,0.0644146084415657
113581,19 November 2025 - 08:03 PM,2025-11-19T20:03:00,3.3,7.4,127.11,114149,3.6018432539682537,3.2,1,0.44473376705360884,0,0.21209048376596232,0,0.2820171026279633,1,0.23645831761194355,1,0.25518817312936015,0,0.24334558461360933,0,0.16836842828587703
113523,20 November 2025 - 02:58 PM,2025-11-20T14:58:00,2.2,7.65,126.51,114207,3.1292161706349204,,0,0.15224341765273083,0,0.09141937709047278,0,0.08579491403327873,0,0.087896799968856,0,0.049352516265000174,0,0.05400411760839716,0,0.05918918393022966
113491,21 November 2025 - 04:43 AM,2025-11-21T04:43:00,2.9,16.91,119.97,114239,3.493528571428572,3.6,1,0.4536875111365518,0,0.1334694785571353,0,0.1659671801707963,0,0.1612174952216587,0,0.1692954392648547,0,0.12522362058096662,1,0.26312541846573634
113488,21 November 2025 - 05:42 AM,2025-11-21T05:42:00,2.4,15.71,121.98,114242,3.118109126984125,3.6,1,0.5609645890424294,1,0.4882533786590452,0,0.3656963152478044,0,0.11708085634352855,0,0.09462127829931301,0,0.028726205427808894,0,0.009617783009916
113430,22 November 2025 - 08:28 AM,2025-11-22T08:28:00,3.2,7.2,126.86,114300,3.5923773809523794,3.0,1,0.42688161309309713,1,0.21442413008355454,1,0.28615341117043147,0,0.18042414860294972,1,0.23829002064210617,0,0.24600093945882118,0,0.1833904964391363
113398,23 November 2025 - 12:40 AM,2025-11-23T00:40:00,2.0,6.55,126.27,114332,2.955302182539683,,0,0.11846499281135475,0,0.04568585643569888,0,0.07758833527021766,0,0.06354695197302988,0,0.043212678250689585,0,0.04582027600536013,0,0.033421849811562064
113350,24 November 2025 - 02:15 AM,2025-11-24T02:15:00,1.8,17.81,121.08,114380,2.9307777777777777,,0,0.13057919119366274,0,0.10137450243648229,0,0.11648533389392857,0,0.07868835224096694,0,0.08409615911072933,0,0.05479814512383064,0,0.044653692548270056
113332,24 November 2025 - 02:07 PM,2025-11-24T14:07:00,1.9,10.89,124.14,114398,3.324702678571429,2.9,1,0.4072872358880788,0,0.14242770722497608,1,0.24256906805845316,1,0.22433491441756395,0,0.20457786305023448,0,0.18462779864891932,0,0.14831791925139184
113265,26 November 2025 - 03:33 AM,2025-11-26T03:33:00,1.7,11.01,124.01,114465,3.2912353354978365,3.1,1,0.3448203185527348,1,0.21579381274338247,1,0.26431431883526,1,0.1881989063305887,0,0.18830643741989073,0,0.1982467657833108,0,0.13924142689187757
113144,28 November 2025 - 07:17 PM,2025-11-28T19:17:00,2.1,11.0,124.07,114586,3.316634226190477,3.2,1,0.3841320931289309,1,0.2110218526374301,1,0.2762184080172904,0,0.16918640038357638,0,0.17477346085458292,0,0.18775014722009714,0,0.1346327254725589
116077,01 December 2025 - 01:21 AM,2025-12-01T01:21:00,2.1,7.37,126.72,114709,3.5589163690476173,4.6,1,0.4055865116938704,1,0.21541986998950372,1,0.2655790261355557,1,0.1991767330305542,0,0.273981771620768,1,0.21501655546613935,0,0.1987945130564377
115753,08 December 2025 - 07:43 AM,2025-12-08T07:43:00,2.8,10.92,123.9,115033,2.696446825396825,,0,0.23146868581300586,0,0.22688131839574371,0,0.14628387512595795,0,0.10563985597234064,0,0.05616730976303277,0,0.045439271329372526,0,0.0397911257356986
115748,08 December 2025 - 05:30 PM,2025-12-08T17:30:00,2.0,12.88,121.12,115038,2.6722111111111118,,0,0.12198990732511775,0,0.04999208335006963,0,0.06909772225425899,0,0.03257792229556637,0,0.021776102611884354,0,0.038794010919586654,0,0.01914965130916876
115731,09 December 2025 - 02:50 AM,2025-12-09T02:50:00,2.1,7.66,124.72,115055,2.9364108134920603,,0,0.15609860046748397,0,0.09893052455418674,0,0.13312295651623385,0,0.10428840623891451,0,0.08513277908248262,0,0.08109714402161132,0,0.04244036136218056
115666,10 December 2025 - 04:40 PM,2025-12-10T16:40:00,2.8,5.46,127.47,115120,3.2429889880952385,,0,0.11846672593750612,0,0.07677523447271102,0,0.09735229198991453,0,0.10124586057725433,0,0.08060532379332547,0,0.08065310830128303,0,0.042887767333047416
115618,11 December 2025 - 02:32 PM,2025-12-11T14:32:00,1.6,8.66,126.24,115167,3.3240861111111104,2.9,1,0.32713404265074275,1,0.1619218784804923,0,0.24324866440814977,1,0.19841624362940216,0,0.1029422837819065,0,0.06611858034390136,0,0.06658816184430502
115556,12 December 2025 - 09:16 PM,2025-12-12T21:16:00,3.0,14.92,122.85,115230,2.8088718253968246,,0,0.09081211958202799,0,0.05802939759928177,0,0.04074570161766309,0,0.008531655561860854,0,0.01694423269265785,0,0.027141005350735537,0,0.006932518335453476
115468,14 December 2025 - 09:09 PM,2025-12-14T21:09:00,2.4,7.3,126.7,115318,3.6453988095238112,3.2,1,0.42650220097648445,0,0.23189726946537004,1,0.2671003624183953,1,0.2178163483304784,0,0.2510672324012584,0,0.25744244072357736,0,0.20684587506021745
115404,16 December 2025 - 03:45 PM,2025-12-16T15:45:00,1.4,10.16,126.14,115382,2.9299190476190455,,0,0.11880825186850352,0,0.09314736384027855,0,0.08574176815018664,0,0.03756967237166772,0,0.06477695572185771,0,0.03307681897375683,0,0.04293507227082511
115377,17 December 2025 - 12:22 AM,2025-12-17T00:22:00,2.7,10.93,123.91,115409,2.9872311507936478,2.8,1,0.22073700852563927,1,0.21532308118770338,1,0.1595894677371134,1,0.12018888863760317,0,0.07638975661808177,0,0.06572530838498172,0,0.050852385453701625
115300,18 December 2025 - 08:54 PM,2025-12-18T20:54:00,1.9,18.07,120.87,115486,2.946519742063493,,0,0.18574785395300902,0,0.12957722783828243,0,0.14548565617156625,0,0.10294457774871195,0,0.09460740386491885,0,0.08517933222732375,0,0.052725847823482754
115292,19 December 2025 - 12:56 AM,2025-12-19T00:56:00,3.0,15.0,119.78,115494,2.790128273809527,,0,0.24881868276442481,0,0.17089362291222643,0,0.14757786497121855,0,0.08968992932645685,0,0.056746325189573295,0,0.05666834689625513,0,0.03559732737868689
115259,19 December 2025 - 12:02 PM,2025-12-19T12:02:00,5.0,8.68,127.25,115527,3.4802549603174633,4.4,1,0.28434123839418324,0,0.1436611093238256,1,0.1465138111000533,1,0.1867053563818555,0,0.14518297217312515,1,0.12622172932465942,0,0.10472317548554043
115156,22 December 2025 - 12:14 AM,2025-12-22T00:14:00,3.3,8.54,125.92,115630,3.0533014880952383,,0,0.22277665341891834,0,0.1653814007818496,0,0.1717668506201639,0,0.12249030708987871,0,0.07626049475598035,0,0.0656138112705567,0,0.04713176028645348
115146,22 December 2025 - 04:58 AM,2025-12-22T04:58:00,2.6,8.37,127.63,115640,3.6872860119047646,4.0,1,0.5937814480755034,0,0.25354421691370754,0,0.4041780224670935,1,0.2860714148587651,0,0.2982571932219084,1,0.18516007262687773,0,0.16322491028938585
115128,22 December 2025 - 04:20 PM,2025-12-22T16:20:00,2.3,15.44,119.74,115658,2.8771976190476174,,0,0.16011041796924258,0,0.10369712973933815,0,0.14869571947946839,0,0.1010187602652561,0,0.07696301193865543,0,0.053133409659986024,0,0.035617411838026546
115050,24 December 2025 - 05:01 PM,2025-12-24T17:01:00,2.1,12.73,123.07,115736,2.6531104166666664,1.7,1,0.06421995741328111,1,0.09170115050896335,0,0.027371814065505415,0,0.002269319533836958,0,0.03256063989636027,0,0.02008303927254895,0,0.004827940732008135
115001,25 December 2025 - 11:01 AM,2025-12-25T11:01:00,2.1,12.85,123.0,115785,2.9267117063492067,,0,0.17314449487790387,0,0.222486060075865,0,0.09631573528937455,0,0.05887107757425241,0,0.04398084248658909,0,0.04289508447605002,0,0.05044919603363807
114966,26 December 2025 - 01:29 AM,2025-12-26T01:29:00,1.4,13.75,120.6,115820,2.8205342261904742,,0,0.21758393438337453,0,0.15490147944384888,0,0.15193654772832269,0,0.08973429661873408,0,0.08687252807828948,0,0.0947802618875853,0,0.06855319517790603
114859,28 December 2025 - 07:27 PM,2025-12-28T19:27:00,2.6,7.37,126.78,115927,3.6201434523809497,1.8,1,0.3640372993813428,1,0.24358134733619038,0,0.265104641006835,0,0.20444133279690052,0,0.2372333386676598,0,0.23786902698212942,0,0.23208058929788775
114792,30 December 2025 - 04:37 AM,2025-12-30T04:37:00,2.2,14.07,120.38,115993,2.8780554563492045,,0,0.1575559551225746,0,0.12491564006345297,0,0.10904121349107423,0,0.0688273109140868,0,0.06178474095480628,0,0.050221606174137755,0,0.03821933791164989
114775,30 December 2025 - 12:08 PM,2025-12-30T12:08:00,2.6,7.03,126.75,116011,3.6251631944444456,2.7,1,0.4008692311812162,0,0.21663790565761334,1,0.23874590924736627,0,0.22073133849550908,0,0.2608333022321356,0,0.25794685516794547,0,0.24991823623307505
118281,01 January 2026 - 06:38 AM,2026-01-01T06:38:00,1.7,8.07,123.11,116100,2.948178769841267,,0,0.1719470888005098,0,0.15383687721350064,0,0.102996393684689,0,0.10020932431980184,0,0.07345679818630407,0,0.06060320961498872,0,0.02930542988132347
118247,02 January 2026 - 02:53 AM,2026-01-02T02:53:00,3.4,9.34,122.35,116133,3.136926388888889,,0,0.1584177577628725,0,0.15741367914667,0,0.1470711656352809,0,0.08791904484359261,0,0.07336198587509184,0,0.051014479240703174,0,0.029635963929095687
117956,07 January 2026 - 04:02 PM,2026-01-07T16:02:00,2.5,7.17,125.6,116425,3.6802645833333334,4.7,1,0.5214525444627138,0,0.13847240803422295,0,0.21812567758175155,0,0.1502051720206054,1,0.18306660141082362,1,0.24933088113681035,1,0.4508857353076137
117939,07 January 2026 - 07:02 PM,2026-01-07T19:02:00,2.2,7.35,126.78,116442,3.801530654761899,4.7,1,0.65693417564863,0,0.29697258133135035,1,0.3176806800549961,1,0.4922666700191276,1,0.401807507325787,1,0.35854278152911206,0,0.3555536437572722
117892,08 January 2026 - 01:21 PM,2026-01-08T13:21:00,2.3,6.56,126.06,116489,3.6283986111111113,3.5,1,0.4859333702459375,0,0.15492483939329332,0,0.20249783247579123,0,0.1260552907624252,0,0.21577580158787385,1,0.2525218412437605,0,0.24661779662566427
117773,10 January 2026 - 08:10 PM,2026-01-10T20:10:00,1.5,8.76,126.35,116608,3.2547300595238084,1.5,1,0.31350920807385924,0,0.2270879043200215,1,0.22507162445786047,0,0.11864016034137087,0,0.06164405970542647,0,0.06610721566959778,0,0.04254611230341333
117705,12 January 2026 - 12:21 PM,2026-01-12T12:21:00,2.1,8.79,126.46,116676,3.0096061507936493,,0,0.17274796225065756,0,0.10769318152194332,0,0.08344078752037472,0,0.08747003637109951,0,0.04637289994975809,0,0.04193027897049412,0,0.045249371405166376
117692,12 January 2026 - 07:12 PM,2026-01-12T19:12:00,2.3,7.31,126.46,116689,3.114616567460315,,0,0.11872957428955852,0,0.08832795972976548,0,0.08452225934009866,0,0.07616225402362573,0,0.03529294086362146,0,0.05711923832376649,0,0.0338106966014942
117598,14 January 2026 - 04:26 PM,2026-01-14T16:26:00,1.8,10.46,123.07,116783,3.185517063492062,2.8,1,0.3817268976124427,1,0.25958539816608817,0,0.18375414273259782,0,0.0688903740876501,0,0.03184238737153355,0,0.03389313999906913,0,0.012293494648441747
117577,15 January 2026 - 02:12 AM,2026-01-15T02:12:00,1.5,10.45,123.08,116804,3.121506646825395,2.8,1,0.372541159626576,1,0.2496636032218568,0,0.19381270437736586,0,0.07731166347366235,0,0.03229776070866071,0,0.01586319005489336,0,0.009839155713654998
117540,16 January 2026 - 11:25 AM,2026-01-16T11:25:00,1.4,17.78,120.64,116841,2.702748908730158,,0,0.10079326917593673,0,0.10137011171193741,0,0.09544453917914872,0,0.05192646263001231,0,0.05084344962524472,0,0.03578376249592662,0,0.031449541747532485
117521,16 January 2026 - 11:25 PM,2026-01-16T23:25:00,1.8,13.31,120.69,116860,3.0350370039682515,,0,0.16646261659360342,0,0.13183352535545131,0,0.11547059926995053,0,0.06551027720330034,0,0.05854917978680623,0,0.04460097292712109,0,0.04195790291471314
117447,19 January 2026 - 03:03 AM,2026-01-19T03:03:00,2.7,15.45,120.11,116934,2.9212857142857143,,0,0.16217976858990238,0,0.1526665823711393,0,0.18690301931058628,0,0.07344493198519028,0,0.05771614375642402,0,0.04806659587447276,0,0.05225374016300306
117292,20 January 2026 - 11:20 PM,2026-01-20T23:20:00,2.4,6.44,123.66,117089,3.0567077380952394,5.1,1,0.3530564137999438,1,0.3497962930836536,1,0.20607170085228893,1,0.09212818476132231,1,0.08669698636848704,0,0.08347016543369516,0,0.050030416621336025
117215,21 January 2026 - 01:32 PM,2026-01-21T13:32:00,2.6,6.39,123.67,117166,3.0918041666666665,4.5,1,0.5981813228325596,1,0.49189785089123,1,0.2851981810491278,1,0.17181383678359932,0,0.08257310978473964,0,0.07211550454299875,0,0.0962638969032786
116856,26 January 2026 - 07:03 AM,2026-01-26T07:03:00,1.4,6.63,123.8,117524,3.2042697240259743,3.6,1,0.3765392417648419,0,0.21881414861985563,1,0.2414025021859326,1,0.21027575295440426,0,0.09464013933284163,0,0.07302194705281492,0,0.07287591958957884
116756,27 January 2026 - 09:04 PM,2026-01-27T21:04:00,2.2,6.27,126.03,117625,2.879602678571428,,0,0.12476200631823593,0,0.0869600292126242,0,0.0657433763992546,0,0.05885600134932433,0,0.0645619850067655,0,0.037046433955064025,0,0.04035499224162611
116744,27 January 2026 - 11:50 PM,2026-01-27T23:50:00,4.8,6.41,123.7,117637,3.2218217261904756,5.2,1,0.37104601290884737,1,0.28875886852252314,1,0.2600100375440014,1,0.13716578485695352,1,0.1472049479276136,0,0.08373153167301327,0,0.09303170518060808
116698,28 January 2026 - 02:42 AM,2026-01-28T02:42:00,3.0,6.38,123.59,117683,3.3173941468253956,5.2,1,0.6372995156980307,1,0.4829656820016664,1,0.40974083532899896,1,0.2411954735305598,1,0.13876910308030996,1,0.10320983214689834,0,0.09832135301677479
116697,28 January 2026 - 02:45 AM,2026-01-28T02:45:00,2.6,6.42,123.63,117684,3.2303402777777785,5.2,1,0.6249449058271562,1,0.48077713551083406,1,0.36357024930505505,1,0.2482333890765701,1,0.12595254864875216,1,0.12578089436976936,0,0.09782232799417745
116695,28 January 2026 - 02:59 AM,2026-01-28T02:59:00,2.6,6.65,123.8,117686,3.302630257936506,5.2,1,0.5806546597849109,1,0.31071144709937487,1,0.38902004131645085,1,0.3393714720694533,1,0.19525078676151136,0,0.14813380322062827,0,0.14369002084872867
116685,28 January 2026 - 03:40 AM,2026-01-28T03:40:00,1.6,6.58,123.89,117696,3.2575838293650787,5.2,1,0.5711546426639258,1,0.28826241435674604,1,0.3823335981144126,1,0.3338473426314374,1,0.18754138849748156,0,0.13515398575907422,0,0.13880852489538584
116670,28 January 2026 - 05:23 AM,2026-01-28T05:23:00,2.3,6.32,123.6,117711,3.3670461309523807,5.2,1,0.5509532798330711,1,0.3610591078156855,1,0.4207609425220015,1,0.21292448481549386,1,0.11698673318105136,1,0.10914851364655964,0,0.07930961195710155
116651,28 January 2026 - 07:44 AM,2026-01-28T07:44:00,3.0,5.45,127.38,117730,3.3431272817460336,,0,0.1380938014193607,0,0.09209370908346458,0,0.0984702387412044,0,0.10267529209205847,0,0.06804969542838758,0,0.046260905142180765,0,0.028634124462579978
116646,28 January 2026 - 08:15 AM,2026-01-28T08:15:00,1.5,6.45,123.72,117735,3.306655059523808,5.2,1,0.6142327146426824,1,0.4811076188266524,1,0.4044332926323528,1,0.23044372931848478,1,0.1309134979439378,0,0.10939272162964025,0,0.10049481129432536
116551,28 January 2026 - 05:27 PM,2026-01-28T17:27:00,2.7,6.51,123.6,117830,4.081881547619046,4.8,1,0.668198998802752,1,0.48338491197944217,1,0.4657597771634768,1,0.4059118774267466,1,0.3638259552366204,0,0.14712798099680097,0,0.24021025753493175
116470,28 January 2026 - 11:35 PM,2026-01-28T23:35:00,3.3,6.53,123.62,117911,4.083777380952379,4.8,1,0.6565178926280432,1,0.48431361974057424,1,0.46583136955938415,1,0.3819525164224645,1,0.3500975932620966,0,0.13472860840978396,0,0.1684916140607138
116397,29 January 2026 - 07:16 AM,2026-01-29T07:16:00,3.0,6.47,123.61,117984,4.090009523809519,4.8,1,0.6467235274967456,1,0.46656895658078495,1,0.4544912602458522,1,0.37925105435241063,1,0.3174791447993497,0,0.1031699934113359,0,0.16425296213890855
116381,29 January 2026 - 09:34 AM,2026-01-29T09:34:00,1.9,6.16,123.46,118000,3.8729456349206326,4.7,1,0.604460698698224,0,0.20573442754529625,1,0.3260814027316641,1,0.3605780040275026,1,0.397950863573973,1,0.1515452820252187,0,0.21264802323200677
116320,29 January 2026 - 07:37 PM,2026-01-29T19:37:00,2.7,6.44,123.69,118061,3.708099007936507,4.7,1,0.4797996464963808,1,0.3657692509269895,1,0.28399238365778046,1,0.2092859289246075,0,0.24796391172465224,0,0.1634691897627029,0,0.1255829657098895
116240,30 January 2026 - 11:47 AM,2026-01-30T11:47:00,1.7,6.45,123.88,118141,3.6277375000000025,3.3,1,0.48469746007943604,1,0.2622910059933677,1,0.2926527571959863,1,0.23490104466603196,0,0.16401653092392274,0,0.10569712923238841,0,0.19407206051715367
116155,31 January 2026 - 08:25 AM,2026-01-31T08:25:00,2.2,6.61,123.69,118226,3.733506845238099,4.0,1,0.5077420775661574,1,0.2936264407531067,1,0.29308472224046156,1,0.20032143205513175,1,0.2191393243229538,0,0.11397786018986598,1,0.1375401725355588
116149,31 January 2026 - 11:07 AM,2026-01-31T11:07:00,2.2,6.28,123.7,118232,3.6610066468253946,4.0,1,0.4420744959306843,1,0.21904956890554877,1,0.2263645415468222,1,0.22026115434175342,1,0.2528238805234886,0,0.13862537572911268,1,0.15713598417468994
116145,31 January 2026 - 12:51 PM,2026-01-31T12:51:00,2.7,6.32,123.63,118236,3.628158928571432,4.0,1,0.2709536184432268,1,0.2310823024357664,1,0.23389085306550758,1,0.1884763820255746,1,0.16610223947951552,0,0.08643230473541406,1,0.16317277429182958
116088,31 January 2026 - 10:50 PM,2026-01-31T22:50:00,1.3,13.62,120.64,118293,2.703615476190478,,0,0.18701958172526084,0,0.136552709252137,0,0.12814351083300468,0,0.07634372830431597,0,0.05964938049718672,0,0.05359550875864921,0,0.055110731754873375
119431,01 February 2026 - 10:38 PM,2026-02-01T22:38:00,2.3,6.59,123.92,118395,3.645600396825395,3.9,1,0.4623150027248528,1,0.2037263135039284,1,0.24735345961916,1,0.25899966022797416,0,0.22757580086164977,0,0.15195245526639478,0,0.13960079289375504
119407,02 February 2026 - 08:03 AM,2026-02-02T08:03:00,1.4,9.6,126.14,118419,2.5835614087301577,,0,0.16060561667659112,0,0.11733596624728147,0,0.12002759770590121,0,0.07141485908420082,0,0.02774347446681593,0,0.036448762230595906,0,0.04534610168933643
119386,02 February 2026 - 06:12 PM,2026-02-02T18:12:00,3.3,21.43,120.3,118440,3.0998294642857127,,0,0.1791292035239846,0,0.08408026260612327,0,0.1305196905484823,0,0.10169774765744757,0,0.0795299834752389,0,0.028706829806476524,0,0.04224472006305466
119384,02 February 2026 - 06:47 PM,2026-02-02T18:47:00,2.7,10.9,123.96,118442,2.657004960317461,,0,0.1754520312670682,0,0.15260638643963145,0,0.1265506563982889,0,0.04806485753792708,0,0.030464594213734656,0,0.04088759746209857,0,0.04554565810898687
119240,05 February 2026 - 04:43 AM,2026-02-05T04:43:00,2.3,15.72,121.97,118586,3.021318055555555,2.2,1,0.3067510935455773,1,0.22146703110736904,0,0.1808426055704791,0,0.06467300554581158,0,0.02013235154776323,0,0.018275648691130384,0,0.0024727878299835113
119137,07 February 2026 - 08:39 PM,2026-02-07T20:39:00,2.1,6.2,123.68,118689,2.6304776785714257,,0,0.16517927177636735,0,0.1582588219414628,0,0.1550399082335291,0,0.09330965927084972,0,0.07445732179408539,0,0.048606782414329926,0,0.05720649438880139
119121,08 February 2026 - 02:50 AM,2026-02-08T02:50:00,1.8,15.59,121.54,118705,2.7473066468253977,,0,0.1576214620815771,0,0.14292784650913756,0,0.1103546921615444,0,0.10507792643347968,0,0.039238262574502865,0,0.0490606523341559,0,0.051863580921972394
118989,10 February 2026 - 07:13 PM,2026-02-10T19:13:00,2.9,6.56,123.79,118837,3.250569796176049,2.6,1,0.37857689858769455,0,0.2386125389840559,1,0.2416043373790348,0,0.17320068972717514,0,0.14177114322499487,0,0.16872849876084545,0,0.14187324201474916
118925,12 February 2026 - 07:11 AM,2026-02-12T07:11:00,3.0,20.42,120.21,118901,3.640915079365084,,0,0.533057621136989,0,0.09771327049614321,0,0.4104821004033497,0,0.1987283112619031,0,0.3113606112063562,0,0.15091287811394968,0,0.20811037265841448
118908,12 February 2026 - 09:48 PM,2026-02-12T21:48:00,2.2,6.53,123.61,118918,3.2690539231601776,,0,0.35346988780718563,0,0.2566775215481908,0,0.2583309470509744,0,0.19011966650746115,0,0.1798413912917364,0,0.1454225122555596,0,0.13971652854046443
118902,13 February 2026 - 01:05 AM,2026-02-13T01:05:00,2.5,6.07,126.38,118924,3.385564583333332,,0,0.3572256510642221,0,0.16953125044223857,0,0.23630191922330865,0,0.1337364226217333,0,0.058058973249693,0,0.05183367199632641,0,0.02410947577889369
118867,13 February 2026 - 10:10 PM,2026-02-13T22:10:00,1.8,15.76,120.0,118959,2.824357043650795,,0,0.1807604580307344,0,0.15859487302893538,0,0.12720999449167672,0,0.07294736005047837,0,0.061365682312188016,0,0.04558598331637663,0,0.03587397874583059
118864,13 February 2026 - 10:56 PM,2026-02-13T22:56:00,5.6,3.95,128.62,118962,3.7278293650793666,5.1,1,0.29057915678037016,0,0.12546117201255513,0,0.13757365304519054,1,0.17679314411765482,1,0.10115429645507369,1,0.1599779400872955,0,0.15541911784641724
118703,18 February 2026 - 03:39 AM,2026-02-18T03:39:00,1.6,7.13,123.44,119123,2.7906754960317466,,0,0.12414611296020814,0,0.0816160092304593,0,0.10168845756013209,0,0.08971627526100136,0,0.047489661689859214,0,0.06060744082373638,0,0.03092917192154905
118681,18 February 2026 - 11:03 PM,2026-02-18T23:03:00,2.3,12.45,122.3,119145,2.953294345238098,,0,0.11015968130042443,0,0.09916281979997103,0,0.12465824163176825,0,0.09963804784052116,0,0.06622519107867729,0,0.05128197250181559,0,0.03716328540556261
118572,22 February 2026 - 06:00 AM,2026-02-22T06:00:00,3.2,7.38,126.87,119254,3.5141384920634886,3.0,1,0.36544261250662735,0,0.2781992003125606,0,0.2250360815066648,1,0.17291441592072232,0,0.22626241065458141,0,0.23082068041245965,0,0.1982345770561725
118567,22 February 2026 - 08:33 AM,2026-02-22T08:33:00,1.6,14.15,120.39,119259,2.819380555555556,,0,0.135618252389188,0,0.11424627852479395,0,0.1189882844348654,0,0.06490077302336028,0,0.058678985956484304,0,0.0507544998702019,0,0.03790908699157387
118373,27 February 2026 - 08:08 AM,2026-02-27T08:08:00,2.0,7.41,126.41,119453,3.1895626984126983,,0,0.13529295528990093,0,0.08691977475166154,0,0.0955342007050952,0,0.0919951428806944,0,0.0543212163512844,0,0.041145780098429396,0,0.033304141321504915
120688,03 March 2026 - 02:36 AM,2026-03-03T02:36:00,1.7,13.58,120.95,119610,2.674357440476192,,0,0.13796319721250566,0,0.11199665704717619,0,0.10584194224803987,0,0.030355791701938757,0,0.04337308206076221,0,0.047843132557952466,0,0.04763903714373461
120625,04 March 2026 - 05:35 PM,2026-03-04T17:35:00,2.0,8.55,123.36,119673,2.8895383928571423,,0,0.12652481084771772,0,0.11048210585723929,0,0.09439163233247364,0,0.059379427469968785,0,0.033398895212585974,0,0.0323579906793676,0,0.016911017520720953
120518,07 March 2026 - 10:47 AM,2026-03-07T10:47:00,2.6,6.5,126.87,119780,3.1972277777777767,,0,0.1329939902496841,0,0.08091431595265411,0,0.08532015242355045,0,0.11151007729032238,0,0.0581802421756459,0,0.0675064618968585,0,0.023604368484593997
120420,09 March 2026 - 11:51 PM,2026-03-09T23:51:00,3.2,12.28,126.0,119878,2.9102921626984126,,0,0.15532513221038327,0,0.17028146732921276,0,0.0728691902246656,0,0.08849108340847284,0,0.022012988789124423,0,0.03267740040644925,0,0.017140914060861615
120389,10 March 2026 - 10:12 PM,2026-03-10T22:12:00,2.7,12.16,125.69,119909,2.94060029761905,4.2,1,0.4153555811406589,1,0.24237602278565465,1,0.20610493221172788,0,0.0415914815705182,0,0.05746776905007655,0,0.04165888910602398,0,0.009734573085907767
120372,11 March 2026 - 02:53 AM,2026-03-11T02:53:00,2.2,9.53,126.25,119926,2.843772718253969,,0,0.14558955990792263,0,0.12356335611119404,0,0.08860676704796283,0,0.07217586369665951,0,0.06152988050378192,0,0.040004182859722875,0,0.033489193344481805
120272,14 March 2026 - 04:21 AM,2026-03-14T04:21:00,1.9,12.75,123.08,120026,2.6825537698412716,,0,0.13904519054835526,0,0.10077807885436675,0,0.1036348485458875,0,0.04420443782267551,0,0.04493156559608584,0,0.03403589733025719,0,0.031076362335017066
120251,14 March 2026 - 08:35 PM,2026-03-14T20:35:00,2.5,7.16,124.44,120047,3.0228270833333335,,0,0.12988243682375075,0,0.0842196905437015,0,0.058789429865840084,0,0.07436747201641658,0,0.052453539861571835,0,0.04361294834312401,0,0.026384267275446023
120136,18 March 2026 - 05:02 AM,2026-03-18T05:02:00,2.1,10.88,123.95,120162,2.623639186507938,,0,0.13917007219002878,0,0.12607591793463643,0,0.0766796054561793,0,0.014844650259310815,0,0.03181967119894757,0,0.009096122035542003,0,0.02910086922214957
120049,20 March 2026 - 05:24 PM,2026-03-20T17:24:00,2.8,17.95,122.33,120249,2.6492745039682535,,0,0.16642051224838716,0,0.13191955090225274,0,0.10831057214443024,0,0.08695903733888972,0,0.03719194675053648,0,0.03807499205774682,0,0.026543569695852146
120017,21 March 2026 - 01:10 PM,2026-03-21T13:10:00,2.0,13.84,120.5,120281,2.7341375000000006,,0,0.18060651863437596,0,0.16910184890019342,0,0.15076949344646187,0,0.08472380657695848,0,0.06592876570252523,0,0.06397631578971694,0,0.04986203646909991
119953,23 March 2026 - 01:49 AM,2026-03-23T01:49:00,3.7,13.55,120.64,120345,3.164553769841268,,0,0.37756927707965654,0,0.2785770941424365,0,0.24560384767868063,0,0.10643836001823045,0,0.07370135925908779,0,0.05503333751061096,0,0.0383108699687222
119632,29 March 2026 - 04:11 PM,2026-03-29T16:11:00,2.4,17.37,120.26,120666,2.631070138888889,,0,0.11023108020583852,0,0.128954681311676,0,0.06123223129126415,0,0.003993724701248933,0,0.029158472462595498,0,0.027505471063431482,0,0.004821903828152389
119619,29 March 2026 - 09:21 PM,2026-03-29T21:21:00,1.9,12.4,125.29,120679,2.6995324404761925,,0,0.1506973939369031,0,0.11248023195066979,0,0.10726567505628806,0,0.05286083498101805,0,0.04200857934309047,0,0.04290664076785547,0,0.030903359108786662
119579,30 March 2026 - 03:05 PM,2026-03-30T15:05:00,2.6,6.19,123.61,120719,2.797527083333332,,0,0.13508826095262916,0,0.09979456994464496,0,0.11538017059813473,0,0.0607844950675282,0,0.054157491470089726,0,0.035741377494541336,0,0.021875135407418356
119565,30 March 2026 - 10:48 PM,2026-03-30T22:48:00,2.3,9.87,122.32,120733,2.8029119047619044,,0,0.17704678450786168,0,0.11519662028831751,0,0.13158752359176945,0,0.09752087651887555,0,0.07308978351972563,0,0.04983517981850818,0,0.048782508093473294
121918,04 April 2026 - 09:47 AM,2026-04-04T09:47:00,2.5,18.0,122.15,120953,2.6567458333333343,,0,0.10192645490672556,0,0.0826912205077309,0,0.0496709095934868,0,0.02394069420060522,0,0.024419895001313936,0,0.02009623149360859,0,0.021735260249312903
121840,05 April 2026 - 11:36 AM,2026-04-05T11:36:00,2.2,7.97,124.61,121031,2.6974381944444445,,0,0.08393089690463584,0,0.1011424283950526,0,0.043022590038634075,0,0.016363517395033313,0,0.02431454454231041,0,0.022247728238545938,0,0.0070101721512967645
121802,06 April 2026 - 01:37 AM,2026-04-06T01:37:00,3.1,20.02,122.96,121069,2.9557662698412686,,0,0.056936188996446556,0,0.06253269264978345,0,0.013323754098679022,0,0.013328817321827873,0,0.006643586593483386,0,0.0,0,0.04694205703203858
121777,06 April 2026 - 07:38 AM,2026-04-06T07:38:00,2.1,17.71,120.71,121094,2.700755654761904,,0,0.16015786607877167,0,0.1038548964378088,0,0.10781778920082338,0,0.04839476257217721,0,0.044520313988351976,0,0.047464499649736445,0,0.03331458643056894
121760,06 April 2026 - 03:52 PM,2026-04-06T15:52:00,3.0,10.96,124.02,121111,3.205267270923523,2.7,1,0.660297647465803,1,0.6278873029978203,1,0.3501305811061864,1,0.11523952945711419,0,0.15708503704480775,0,0.08104233585870524,0,0.06942541074656913
121700,07 April 2026 - 03:51 PM,2026-04-07T15:51:00,4.0,6.42,125.64,121171,3.015116964285711,3.5,1,0.15152328514564034,0,0.07784909175245765,0,0.06407437397229311,0,0.04333010447962892,0,0.05158564474879534,0,0.03656185323116785,1,0.009329403219446268
121582,10 April 2026 - 05:39 AM,2026-04-10T05:39:00,2.5,10.3,122.24,121289,2.8929755952380947,,0,0.1326561716043577,0,0.09981786672534082,0,0.08101443095051669,0,0.0852230551734187,0,0.06725243664735572,0,0.042570636335576104,0,0.02796293044598719
121559,10 April 2026 - 08:00 PM,2026-04-10T20:00:00,4.0,16.76,119.83,121312,3.054174603174602,,0,0.165519826335833,0,0.09682463830337305,0,0.14829658521668448,0,0.07951056497794744,0,0.06660289998316016,0,0.04862394185949644,0,0.032802783675471445
121539,11 April 2026 - 02:55 AM,2026-04-11T02:55:00,2.0,7.34,126.66,121332,2.8991050595238086,,0,0.135070988421951,0,0.10943138399524743,0,0.07923831254208773,0,0.05304158908367402,0,0.03223381738833338,0,0.05312984498768428,0,0.0453817108187233
121504,11 April 2026 - 08:41 PM,2026-04-11T20:41:00,2.4,9.99,124.17,121367,2.9007333333333327,,0,0.19568909392622091,0,0.14906772225648163,0,0.1613352087764153,0,0.1346477989827599,0,0.0795845951468848,0,0.047033778432887086,0,0.034590416237378865
121498,11 April 2026 - 11:38 PM,2026-04-11T23:38:00,2.0,18.62,120.86,121373,2.7137409722222223,,0,0.1449139596213651,0,0.11261426653452553,0,0.09033309911356056,0,0.031711329153612605,0,0.05546606292673951,0,0.03179459615322852,0,0.03818786666428676
121247,16 April 2026 - 01:45 PM,2026-04-16T13:45:00,3.7,7.71,125.37,121624,3.041635317460315,,0,0.19594976292990907,0,0.1541426859143078,0,0.19011714221739454,0,0.1420546964247508,0,0.08331371797824529,0,0.07372596108402366,0,0.05209173248098756
121090,20 April 2026 - 04:18 AM,2026-04-20T04:18:00,1.8,9.71,126.15,121781,2.624241937229438,,0,0.17988720453148946,0,0.12809731072693026,0,0.10018014662775525,0,0.04074560127009387,0,0.030628440493788097,0,0.04167391935119388,0,0.0383605889537892
120878,24 April 2026 - 09:48 AM,2026-04-24T09:48:00,2.4,6.42,126.01,121993,3.0136065476190463,,0,0.14330000542347704,0,0.061909463022094366,0,0.09272156350497532,0,0.06676362793701206,0,0.04961177422622522,0,0.026999309683041393,0,0.033121586977786374
122282,27 April 2026 - 03:10 AM,2026-04-27T03:10:00,1.9,8.07,126.38,122127,2.9750597222222215,,0,0.1392938174961254,0,0.09604497561048055,0,0.07959966486122926,0,0.06897056809576184,0,0.06462689632446601,0,0.049966083179593807,0,0.03332017436000447
122148,29 April 2026 - 08:36 PM,2026-04-29T20:36:00,2.8,11.06,123.6,122261,3.1166988095238093,,0,0.2709007174119295,0,0.22553505003655944,0,0.16902332797774172,0,0.07072572396516959,0,0.06199480861977572,0,0.025583163353039853,0,0.012178171321342562
122114,30 April 2026 - 01:25 PM,2026-04-30T13:25:00,2.7,5.61,126.01,122295,2.994669841269841,,0,0.11023245771975758,0,0.06625211012909171,0,0.0795059366570168,0,0.08171725218704912,0,0.05234511828856236,0,0.049292522710028513,0,0.026405235374188353
123866,04 May 2026 - 10:45 PM,2026-05-04T22:45:00,1.7,11.79,125.35,122492,3.344293849206346,3.0,1,0.6805152147403074,1,0.33007986114072885,0,0.37167470997816304,1,0.40045366427891266,1,0.41133043940646963,0,0.2006218857572774,0,0.1632504770308863
123818,05 May 2026 - 07:36 PM,2026-05-05T19:36:00,1.9,16.26,119.97,122540,2.6111142857142875,,0,0.10804588828212097,0,0.07383645915060497,0,0.11809811000298413,0,0.027730598720159153,0,0.0549914813864574,0,0.006824096432977243,0,0.031153067002730146
123817,05 May 2026 - 07:58 PM,2026-05-05T19:58:00,2.1,11.8,125.34,122541,3.249339853896105,2.1,1,0.5027166938286225,1,0.2615489450466508,0,0.2670104486306872,1,0.2143537672454975,0,0.23831740814572047,0,0.16870949113002442,0,0.11611741977571562
123804,05 May 2026 - 11:32 PM,2026-05-05T23:32:00,1.5,9.74,126.21,122554,2.6384761724386707,,0,0.15797330572007262,0,0.13116974328435915,0,0.11267306418611278,0,0.10535817924869775,0,0.0529914518858044,0,0.05177863850139031,0,0.05503597660628635
123792,06 May 2026 - 03:21 AM,2026-05-06T03:21:00,1.6,13.19,124.65,122566,2.8947005952380964,,0,0.17605010368291818,0,0.1209236138088376,0,0.16731432573221575,0,0.10739476335137109,0,0.08718436730607808,0,0.09675529646662015,0,0.047790066773185265
123658,08 May 2026 - 02:25 PM,2026-05-08T14:25:00,1.6,9.82,125.69,122700,2.736478273809524,,0,0.13309118899003686,0,0.06958444003212029,0,0.10481042232249249,0,0.035385634974259256,0,0.04820311362257648,0,0.0510190237817241,0,0.043035234428842585
123466,12 May 2026 - 12:44 PM,2026-05-12T12:44:00,1.5,19.18,121.21,122892,2.6205712121212117,,0,0.1382415481540777,0,0.09541403946332493,0,0.05947011140107348,0,0.04437766015244866,0,0.054405079298587206,0,0.02405888256107282,0,0.028559072499042895
123406,14 May 2026 - 12:35 AM,2026-05-14T00:35:00,3.7,11.82,125.4,122952,3.2289589285714286,1.8,1,0.31384794600017174,0,0.19086903071671837,0,0.2072608438699088,0,0.20308350698178676,0,0.1977450631729204,1,0.12154446701797146,0,0.12286243790884763
123310,15 May 2026 - 07:51 AM,2026-05-15T07:51:00,1.8,8.78,126.22,123048,2.7749780663780648,,0,0.14857948348230376,0,0.09880624945752677,0,0.10595638568259552,0,0.058774148499402025,0,0.058894718617123525,0,0.034593712072185,0,0.049962710111234994
123194,17 May 2026 - 02:49 PM,2026-05-17T14:49:00,2.0,6.45,125.84,123164,2.8458055916305898,,0,0.12221170451309538,0,0.07995485325370916,0,0.07340850465895044,0,0.05811259570670001,0,0.06797925128827456,0,0.040497742952618106,0,0.03833841491061876
123184,17 May 2026 - 07:06 PM,2026-05-17T19:06:00,1.6,11.25,124.58,123173,2.650241369047618,,0,0.17691833018300188,0,0.10820795773589992,0,0.12403331263843344,0,0.048946671374081666,0,0.05313313883981193,0,0.04069068841025311,0,0.04542044913234478
123141,18 May 2026 - 01:51 AM,2026-05-18T01:51:00,1.4,14.95,121.92,123217,2.4966458333333335,,0,0.15783457915253732,0,0.12672137256479718,0,0.10535388493826782,0,0.03590525222797563,0,0.03135983521956938,0,0.02472525756829242,0,0.031314819341396086
123050,19 May 2026 - 06:15 PM,2026-05-19T18:15:00,1.8,13.55,120.38,123308,2.58735396825397,,0,0.1700977057470361,0,0.1266366990780475,0,0.12102867867363894,0,0.038332069581917795,0,0.05986725972309489,0,0.0436426595340416,0,0.05718858527672579
122919,22 May 2026 - 03:20 AM,2026-05-22T03:20:00,1.8,9.81,126.3,123439,2.740124386724385,,0,0.09182452179455064,0,0.09221575440087637,0,0.06248741280220722,0,0.05215976351182957,0,0.03949149252049281,0,0.027291436866534617,0,0.03098612468076616
122853,23 May 2026 - 06:37 AM,2026-05-23T06:37:00,2.5,11.34,126.11,123505,2.892099999999998,,0,0.13738243570557368,0,0.11678761217113584,0,0.11053308364629111,0,0.08520885014226798,0,0.05737948826801957,0,0.027016463225055496,0,0.040480858152355935
122809,24 May 2026 - 01:18 AM,2026-05-24T01:18:00,1.8,10.92,123.94,123549,2.481053075396824,,0,0.20912165411936953,0,0.18577458100898742,0,0.07714241518090689,0,0.02779775823514509,0,0.029515782749762888,0,0.006936907420003996,0,0.02401714582840352
122777,24 May 2026 - 01:47 PM,2026-05-24T13:47:00,1.8,9.62,126.16,123581,2.4827667388167383,,0,0.18565366999475205,0,0.1602066169746522,0,0.07556970981076662,0,0.038293131113393754,0,0.04373842319793944,0,0.039255234692455974,0,0.05014191992371182
122770,24 May 2026 - 04:27 PM,2026-05-24T16:27:00,1.9,9.17,126.29,123588,3.1871556547619035,2.8,1,0.38244156475041036,0,0.2005183767575138,0,0.2289614792071891,1,0.20115842028533215,0,0.08758736808055886,0,0.05645171091580864,0,0.06090527055684283
122745,24 May 2026 - 11:07 PM,2026-05-24T23:07:00,1.5,9.18,126.44,123613,3.290421897546894,3.1,1,0.5118571093457035,1,0.1555825915421178,1,0.25518956275215904,1,0.1861397972906415,1,0.1831423120286999,0,0.053524630040181466,1,0.030459196258764917
122710,25 May 2026 - 08:16 AM,2026-05-25T08:16:00,1.7,9.19,126.55,123648,3.184384893578648,2.3,1,0.6510774985639297,1,0.4636600758020289,1,0.41769393744042416,1,0.36561468609571846,1,0.12443692694204031,0,0.05890712116467882,0,0.040411952888710315
122652,26 May 2026 - 03:24 AM,2026-05-26T03:24:00,2.2,8.51,125.74,123706,2.672600297619047,,0,0.07121794274292542,0,0.04964118552099183,0,0.052319349148873234,0,0.019387310845594474,0,0.03117400318057731,0,0.06545869923698809,0,0.025936072945069034
122608,26 May 2026 - 10:07 PM,2026-05-26T22:07:00,1.7,6.95,126.17,123750,2.976935515873015,,0,0.15777196061643042,0,0.11994662099885002,0,0.08960587217200956,0,0.10429242637672939,0,0.08379675604221407,0,0.05507785639903297,0,0.05447543825241686
122445,29 May 2026 - 12:04 PM,2026-05-29T12:04:00,2.0,11.14,124.12,123913,3.252804834054834,1.7,1,0.2798743506122921,1,0.18469557061388367,0,0.248607302298309,0,0.11174630837422589,0,0.1911502879146822,0,0.20711562530269131,0,0.11725093849825596
122365,30 May 2026 - 05:14 PM,2026-05-30T17:14:00,2.8,16.63,118.93,123993,2.6886124007936503,,0,0.1591329740454654,0,0.12234712260618313,0,0.11342320909214484,0,0.03602799225078294,0,0.01855852704361347,0,0.009121656514873676,0,0.01168084784307411
122317,31 May 2026 - 05:27 AM,2026-05-31T05:27:00,2.4,5.47,126.76,124041,3.5262742784992787,,0,0.33043359019507895,0,0.09283578969017114,0,0.18589159512272385,0,0.15580365614327638,0,0.08854100909735318,0,0.04885720179403526,0,0.03366704568625779
